5
Name
Einwohner_maennlich
Einwohner_weiblich
Einzahlungen_pro_Tag
Abhebungen_pro_Tag
34
3
230 414 270 244 190 229
Stadtteil_1 17585 27373 13408 7690
4
230 414 120 189 160 134 190 229
Stadtteil_2 8912 21041 43784 38807
8
270 114 370 134 420 214 315 244 270 244 190 229 160 134 210 80
Stadtteil_3 10082 8489 7006 7050
7
420 214 420 314 360 284 340 354 230 414 270 244 315 244
Stadtteil_4 10046 12594 8871 12929
18
420 214 570 214 530 184 590 164 670 214 640 264 700 314 660 404 590 454 470 434 420 544 280 544 230 504 160 454 230 414 340 354 360 284 420 314
Stadtteil_5 10398 21199 14643 7210
6
370 134 430 164 470 154 530 184 570 214 420 214
Stadtteil_6 12254 8802 11803 10409
4
590 454 590 504 560 474 510 474
Stadtteil_7 15448 11064 19129 9969
4
510 474 480 514 470 434 590 454
Stadtteil_8 29187 17836 3839 10090
4
420 544 440 594 480 514 470 434
Stadtteil_9 26480 29494 40703 27904
10
440 594 360 594 400 614 360 644 310 624 340 574 380 564 300 564 280 544 420 544
Stadtteil_10 9963 9066 10150 9575
6
470 154 440 85 510 75 570 124 540 154 530 184
Stadtteil_11 9293 15297 11773 11718
6
660 404 760 404 760 484 650 544 590 504 590 454
Stadtteil_12 19182 10564 10588 11115
5
700 314 750 294 770 344 760 404 660 404
Stadtteil_13 14378 48041 35498 11243
7
650 544 590 504 560 474 510 474 480 514 440 594 530 514
Stadtteil_14 7428 8489 13124 10655
6
650 544 620 584 580 654 550 594 580 564 530 514
Stadtteil_15 40554 25200 11880 10905
5
160 454 160 604 240 634 300 564 280 544
Stadtteil_16 40271 33476 11415 28506
8
400 614 550 594 580 654 590 714 490 714 530 654 460 684 390 704
Stadtteil_17 19406 15995 18748 10577
3
590 714 680 664 580 654
Stadtteil_18 14084 20230 7463 41107
7
680 664 690 614 730 634 720 584 660 574 640 624 580 654
Stadtteil_19 19747 21325 19461 7516
8
720 584 740 534 710 534 650 544 620 584 580 654 640 624 660 574
Stadtteil_20 8832 31203 11355 25178
19
740 534 780 604 820 574 840 464 790 394 790 344 780 284 740 264 690 264 700 214 670 214 640 264 700 314 750 294 770 344 760 404 760 484 650 544 710 534
Stadtteil_21 26022 25994 12978 18910
11
700 214 710 164 710 114 810 114 730 75 620 25 570 124 540 154 530 184 590 164 670 214
Stadtteil_22 10332 37144 28310 31485
5
780 284 880 304 930 294 910 264 840 244
Stadtteil_23 44300 25766 26578 40218
7
910 264 980 254 1000 314 1000 374 1030 364 1040 284 990 234
Stadtteil_24 3902 6257 4005 6870
7
1000 374 970 344 960 294 930 294 910 264 980 254 1000 314
Stadtteil_25 10868 20263 9700 5282
9
990 234 970 164 910 224 920 234 890 234 870 194 840 194 840 244 910 264
Stadtteil_26 41801 33840 42596 24715
13
840 194 780 194 780 174 730 194 770 144 810 114 710 114 710 164 700 214 690 264 740 264 780 284 840 244
Stadtteil_27 12274 4836 5246 9547
4
790 394 820 394 810 374 810 354
Stadtteil_28 27198 4616 30071 12998
6
810 354 810 334 830 334 810 314 790 344 790 394
Stadtteil_29 10328 5971 9864 8318
5
810 314 850 324 880 304 780 284 790 344
Stadtteil_30 8602 14787 15148 13350
6
830 334 850 324 880 304 880 334 870 364 850 354
Stadtteil_31 35563 20699 20217 15967
9
870 364 870 384 840 384 830 364 810 374 810 354 810 334 830 334 850 354
Stadtteil_32 9292 6391 9753 7269
7
230 414 120 189 100 284 140 344 100 384 120 444 160 384
Stadtteil_33 8003 7958 8960 11303
5
160 384 230 414 160 454 140 449 120 444
Stadtteil_34 9158 11791 7529 6726
7
75
