5
Name
Einwohner_maennlich
Einwohner_weiblich
Einzahlungen_pro_Tag
Abhebungen_pro_Tag
34
3
230 414 270 244 190 229
Stadtteil_1 13921 11696 23318 19669
4
230 414 120 189 160 134 190 229
Stadtteil_2 3675 6779 12413 6645
8
270 114 370 134 420 214 315 244 270 244 190 229 160 134 210 80
Stadtteil_3 11975 8264 9019 17043
7
420 214 420 314 360 284 340 354 230 414 270 244 315 244
Stadtteil_4 9711 8863 9811 9840
18
420 214 570 214 530 184 590 164 670 214 640 264 700 314 660 404 590 454 470 434 420 544 280 544 230 504 160 454 230 414 340 354 360 284 420 314
Stadtteil_5 12830 11301 6646 6835
6
370 134 430 164 470 154 530 184 570 214 420 214
Stadtteil_6 13707 18054 8086 12528
4
590 454 590 504 560 474 510 474
Stadtteil_7 40194 24382 33116 30992
4
510 474 480 514 470 434 590 454
Stadtteil_8 28714 32384 29000 28634
4
420 544 440 594 480 514 470 434
Stadtteil_9 17229 15413 37372 19383
10
440 594 360 594 400 614 360 644 310 624 340 574 380 564 300 564 280 544 420 544
Stadtteil_10 33757 12489 38319 25994
6
470 154 440 85 510 75 570 124 540 154 530 184
Stadtteil_11 26899 7540 19889 18023
6
660 404 760 404 760 484 650 544 590 504 590 454
Stadtteil_12 11421 27007 14177 22960
5
700 314 750 294 770 344 760 404 660 404
Stadtteil_13 25648 25329 28121 13620
7
650 544 590 504 560 474 510 474 480 514 440 594 530 514
Stadtteil_14 16976 24964 24682 34469
6
650 544 620 584 580 654 550 594 580 564 530 514
Stadtteil_15 33202 30248 27509 21061
5
160 454 160 604 240 634 300 564 280 544
Stadtteil_16 11258 13246 11488 14176
8
400 614 550 594 580 654 590 714 490 714 530 654 460 684 390 704
Stadtteil_17 34758 15409 10556 6365
3
590 714 680 664 580 654
Stadtteil_18 23230 16696 39461 29235
7
680 664 690 614 730 634 720 584 660 574 640 624 580 654
Stadtteil_19 10630 13124 17145 15089
8
720 584 740 534 710 534 650 544 620 584 580 654 640 624 660 574
Stadtteil_20 36425 31178 30897 41332
19
740 534 780 604 820 574 840 464 790 394 790 344 780 284 740 264 690 264 700 214 670 214 640 264 700 314 750 294 770 344 760 404 760 484 650 544 710 534
Stadtteil_21 19353 22870 15645 15864
11
700 214 710 164 710 114 810 114 730 75 620 25 570 124 540 154 530 184 590 164 670 214
Stadtteil_22 14505 8755 15141 18738
5
780 284 880 304 930 294 910 264 840 244
Stadtteil_23 25632 16423 31512 26262
7
910 264 980 254 1000 314 1000 374 1030 364 1040 284 990 234
Stadtteil_24 19113 12859 24931 16575
7
1000 374 970 344 960 294 930 294 910 264 980 254 1000 314
Stadtteil_25 15690 18261 13122 8196
9
990 234 970 164 910 224 920 234 890 234 870 194 840 194 840 244 910 264
Stadtteil_26 8644 14984 9884 20962
13
840 194 780 194 780 174 730 194 770 144 810 114 710 114 710 164 700 214 690 264 740 264 780 284 840 244
Stadtteil_27 15658 4586 5973 12351
4
790 394 820 394 810 374 810 354
Stadtteil_28 16256 11577 24156 23118
6
810 354 810 334 830 334 810 314 790 344 790 394
Stadtteil_29 16467 12748 11198 17721
5
810 314 850 324 880 304 780 284 790 344
Stadtteil_30 35446 15293 26279 11196
6
830 334 850 324 880 304 880 334 870 364 850 354
Stadtteil_31 9149 13496 13505 9259
9
870 364 870 384 840 384 830 364 810 374 810 354 810 334 830 334 850 354
Stadtteil_32 31596 12560 26385 29613
7
230 414 120 189 100 284 140 344 100 384 120 444 160 384
Stadtteil_33 11320 30026 24574 34074
5
160 384 230 414 160 454 140 449 120 444
Stadtteil_34 9949 10421 5317 8382
12
75
