250
3740 1030 119
830 1940 125
4430 3940 115
1230 730 138
2430 1930 125
4330 3140 119
4090 940 109
2030 2730 124
1130 2330 135
890 1690 105
450 4940 125
740 4430 127
1830 3440 104
2530 3730 127
4430 3040 97
60 4920 128
3530 3740 81
840 3800 100
1930 1430 128
1430 1230 127
330 1790 123
340 3940 127
930 930 139
3130 1230 128
4740 2040 102
930 1830 135
3130 330 135
3730 3330 107
4940 4150 114
4600 240 128
4290 240 119
770 830 106
2530 2230 124
1730 2130 134
4430 2640 122
4130 2340 113
2930 2930 128
2730 3430 108
1640 4940 105
3390 830 112
2130 3430 104
4850 350 66
4030 1440 114
4530 1740 129
3640 4730 104
1030 3330 128
1030 830 135
2230 2930 126
3630 3430 115
3730 530 127
3930 3440 117
3630 3930 99
4740 440 128
2630 1430 123
1230 2120 126
4230 3440 120
530 1430 138
2230 430 133
3990 230 110
640 3730 128
1030 2440 120
3530 2730 127
1730 4260 113
4030 1930 127
130 3180 129
530 2830 131
60 4780 124
900 760 111
3530 830 128
930 2730 131
440 1290 108
1540 4730 129
4230 4340 111
4230 940 127
430 3190 121
2030 3630 119
3130 2130 121
2940 2530 97
740 4280 108
3030 3430 110
4740 1640 108
1240 4940 112
1430 1830 119
4530 3440 122
2940 4830 108
2830 3630 99
3730 2330 125
630 1230 135
50 4640 119
1330 1330 131
1050 4940 115
2550 4830 121
2530 1830 113
1530 1730 121
3130 1530 126
440 1560 125
1640 4430 118
1630 3330 123
4430 1340 128
2240 2440 103
600 1060 112
730 3330 130
4940 2550 94
4940 3940 112
1740 4120 97
770 690 87
2830 2630 101
4590 440 120
4940 2350 91
1600 530 124
4130 3740 112
4230 4940 62
250 1490 86
2130 2630 130
130 3030 123
3930 4130 96
4940 4940 128
850 4940 118
2940 4530 119
430 3330 133
4630 2940 115
1330 3330 126
2640 3930 116
330 3800 118
3130 930 130
3630 2130 127
2130 3030 117
2630 2830 107
4940 2950 99
4850 150 66
4940 1740 83
2830 2330 117
3240 4430 120
2650 730 118
990 2300 85
940 4530 125
3750 4630 115
3930 3930 123
470 1000 87
2030 930 135
230 2280 125
3430 2230 119
3330 1730 125
1530 3530 125
3440 4730 113
1230 2830 123
4330 4240 109
1630 1630 119
620 910 97
1450 4940 108
3530 1630 120
4740 1440 112
1330 3940 111
1740 4730 119
1930 3830 127
2430 4230 116
2840 4330 112
4330 2240 114
840 4800 99
4130 3040 112
380 1420 108
240 4940 128
540 4090 111
2230 830 126
1130 1530 131
4930 550 68
1330 2630 120
540 4230 125
3230 4130 117
3130 630 133
1930 3330 121
4740 640 125
2130 3930 125
2130 1730 122
2140 4330 113
1730 3630 108
4740 2640 92
330 1940 133
1430 630 134
230 2140 117
1530 2930 123
730 3170 110
2830 1330 120
2430 2330 130
2540 2530 98
1530 2330 122
750 970 123
4430 2840 109
250 4800 120
2030 1830 129
2970 330 129
530 2690 117
4330 1140 125
2830 330 123
3530 3540 119
3030 3130 117
3130 1830 123
2350 340 106
1840 3940 103
1090 690 118
1530 4130 126
730 2220 134
4230 1840 118
4190 1140 103
4430 1540 116
3230 3230 110
3130 3930 107
2990 630 121
190 1970 97
4430 4340 92
1940 4230 103
730 1130 139
1290 600 117
4440 4140 103
1740 530 133
1930 2330 109
4460 240 124
2650 330 115
4630 2740 121
640 4790 105
3730 2830 116
4740 250 131
830 2940 122
2730 2430 126
1030 1630 127
2740 4830 115
4540 4030 94
2230 3730 112
630 2440 127
3630 2630 111
500 1160 107
2240 1230 120
230 2430 133
1430 3130 127
3630 1340 123
3430 3640 120
1130 3030 120
2510 730 119
840 3940 119
4030 740 125
4940 4750 122
2140 4730 100
310 1620 107
2830 3330 114
2040 4530 114
2850 630 109
130 3320 135
4150 240 115
640 4930 121
4730 840 121
29175