250
203665 -124844 15136
212658 -128018 15136
221122 -122728 15136
240166 -123257 15136
241753 -113206 15136
249159 -120083 15136
253920 -111619 15136
258681 -120083 15136
263971 -112148 15136
230115 -126960 14834
212129 -118496 12802
267674 -123786 12677
221651 -132250 10796
232231 -117438 10395
276138 -128547 10154
204723 -134366 10078
203136 -115322 9642
220064 -113206 9326
194672 -121670 9154
161874 -85169 9034
165577 -101039 9034
170338 -90988 9034
173512 -106858 9034
175628 -83053 9034
177744 -97865 9034
178802 -114793 9034
183034 -89930 9034
183034 -105800 9034
188324 -113735 9034
188324 -97865 9034
190969 -84640 9034
195730 -107387 9034
197317 -93633 9034
203665 -101568 9034
201020 -84640 9034
206839 -92575 9034
211071 -108445 9034
210542 -81466 9034
214245 -99452 9034
227999 -107916 9034
272964 -115322 8414
216361 -89930 7897
185150 -122728 7599
213716 -137540 7334
195730 -131192 7466
168222 -142830 6838
178802 -140714 6838
181976 -131721 6838
184621 -185679 6838
186208 -147591 6838
189382 -138598 6838
193085 -190440 6838
193614 -154997 6838
199433 -142301 6838
196259 -181447 6838
198375 -163461 6838
202607 -195201 6838
202607 -151823 6838
203136 -174570 6838
205252 -185679 6838
208426 -159758 6838
210542 -146533 6838
211071 -169280 6838
212129 -196788 6838
212129 -178802 6838
215303 -187795 6838
216361 -154468 6838
218477 -204194 6838
219535 -163990 6838
220593 -144417 6838
221651 -195201 6838
225883 -156584 6566
227999 -204723 6838
153939 -90459 6629
156055 -100510 6394
223767 -98923 6326
231173 -195730 6320
175628 -124315 6276
169280 -115851 6203
271377 -105800 6076
236992 -104742 6027
226412 -186737 5912
160816 -109503 5881
229586 -147591 5721
285660 -129076 5659
247572 -129605 5547
160287 -137540 5501
271906 -95749 5494
279312 -68770 5494
279841 -90459 5462
281428 -109503 5494
284602 -118496 5494
286189 -99981 5494
284602 -76705 5494
288834 -65596 5494
292537 -113206 5494
289363 -90988 5494
295711 -99452 5494
296240 -71944 5494
292537 -81995 5494
293595 -123257 5494
296769 -135424 5494
297827 -62422 5494
302059 -81466 5494
301530 -117967 5494
302588 -127489 5494
305233 -68770 5494
308936 -138069 5494
312110 -129076 5494
313697 -64009 5494
321632 -69299 5494
298885 -90459 5472
318458 -136482 5472
310523 -76705 5449
246514 -104742 5378
220064 -173512 5367
74589 -130663 5353
79350 -139127 5353
83582 -127489 5353
88343 -135953 5353
90988 -121141 5353
95749 -129605 5353
97336 -139127 5353
98394 -113206 5353
102097 -122199 5353
104742 -132779 5353
107387 -110032 5353
110561 -140714 5353
111090 -125373 5353
115322 -115851 5353
116909 -133308 5353
120083 -107387 5225
120612 -124315 5353
123257 -141243 5353
125373 -115851 5353
126431 -132250 5353
129605 -106858 5353
131192 -123786 5353
133837 -140185 5353
134895 -114793 5353
134895 -93104 5353
137540 -131192 5353
141772 -107916 5353
141772 -121670 5353
147062 -132779 5353
146533 -98923 5353
151294 -108974 5353
154997 -127489 5353
150765 -118496 5353
164519 -128018 5353
160287 -119025 5353
172454 -133308 5826
311052 -119554 5341
151294 -141772 5236
331154 -71415 5074
300472 -107916 5119
259210 -103684 4877
321632 -127489 4695
183563 -77763 5039
309994 -110032 4455
320045 -78821 4491
327980 -137011 4419
310523 -100510 4360
313697 -86227 4360
318458 -95220 4360
320574 -104742 4360
318987 -114264 4369
325335 -88343 4360
330096 -98394 4360
327980 -120083 4360
328509 -110032 4360
332212 -81466 4360
332741 -128547 4360
335386 -90459 4360
336973 -105271 4360
336444 -115322 4360
344908 -84640 4360
340147 -76176 4360
344379 -122199 4360
342263 -97336 4360
344908 -110561 4360
346495 -131721 4360
352314 -116909 4360
351256 -103155 4360
352843 -93104 4360
354959 -126960 4360
360249 -111619 4360
359191 -135953 4360
362365 -94691 4360
363423 -122199 4360
367126 -104742 4360
367655 -131192 4360
371887 -96278 4360
369771 -114264 4360
378764 -111090 4360
386699 -105800 4343
203136 -75118 4322
167693 -77234 4378
372945 -123257 4291
268732 -86756 4174
281428 -59248 4621
220064 -80937 4114
275080 -77763 4095
213716 -72473 3959
262384 -94691 3931
159229 -147062 4047
152881 -80937 3986
69828 -139127 3906
270319 -65596 3891
144417 -89401 4211
89930 -145475 3859
338031 -136482 3856
211600 -46552 3845
221122 -58719 3845
211600 -30682 3845
234347 -71944 3845
226412 -42849 3845
219535 -35972 3845
228528 -52371 3845
249688 -34385 3845
230115 -62951 3845
222709 -26979 3845
252862 -49726 3845
239637 -30682 3845
245456 -43378 3845
257623 -25392 3845
249688 -86227 3845
240166 -63480 3845
257094 -40733 3845
243869 -77763 3845
265558 -75118 3845
298356 -25392 3845
238050 -86756 3845
254449 -59248 3845
268203 -30682 3845
253391 -77234 3845
247572 -24863 3845
262384 -48668 3845
259739 -67183 3845
263971 -58190 3845
243340 -94691 3845
290421 -30682 3845
273493 -40733 3845
287247 -21160 3845
259210 -85698 3845
282486 -45494 3845
275080 -51842 3845
279312 -26979 3845
252862 -95220 3845
282486 -35972 3845
1510914