250
204000 -124800 15275
213300 -128100 15275
221100 -122400 15275
240000 -123000 15275
241800 -112800 15275
249000 -119400 15275
254700 -111600 15275
258900 -120300 15275
264600 -112500 15275
229800 -126600 14929
212100 -118500 12856
267600 -124500 12714
222000 -132300 10532
232200 -117300 10505
204600 -134400 10284
202800 -115200 9783
276600 -128100 9742
219900 -112800 9364
195000 -121200 9351
162600 -85500 9227
167100 -101100 9227
170700 -90900 9227
174600 -107400 9227
176100 -82800 9227
177300 -98100 9227
180300 -115200 9227
182700 -90000 9227
184200 -106200 9227
188700 -97500 9227
191400 -85800 9227
192000 -111900 9227
196500 -103200 9227
197400 -93300 9227
202200 -84900 9227
205200 -99000 9227
209400 -108000 9227
210000 -90600 9227
214800 -99900 9227
228600 -108300 9187
211200 -81000 9081
273300 -116700 7575
195600 -130800 7560
185700 -123600 7505
213900 -137700 7361
157500 -102000 6989
177000 -141900 6975
179100 -132300 6975
184800 -186000 6975
184800 -147900 6975
186600 -138300 6975
192900 -153900 6975
193500 -190500 6975
194100 -144300 6975
196200 -181200 6975
198000 -162600 6975
201900 -150300 6975
202500 -194700 6975
203100 -174300 6975
204900 -185400 6975
207000 -159000 6975
210600 -168300 6975
211200 -147900 6975
211800 -197100 6975
211800 -178500 6975
214200 -187800 6975
216300 -156600 6975
218400 -204300 6975
219900 -165900 6975
220500 -145500 6975
221100 -194700 6975
225600 -154200 6975
227700 -201900 6975
153900 -89700 6938
167400 -142800 6915
247500 -129000 6686
219600 -91500 6642
170700 -116400 6627
272700 -107100 6447
228600 -188700 6264
247500 -105000 5994
237600 -104100 5897
162900 -110100 5805
171600 -126300 5643
286200 -129000 5630
271200 -97500 5589
279300 -92100 5589
279600 -68700 5589
280800 -101700 5589
281400 -111300 5589
285000 -77100 5589
286800 -119400 5589
287100 -62700 5589
288300 -95700 5589
289500 -105900 5589
290100 -86100 5589
292500 -71100 5589
294600 -133800 5589
294900 -114000 5589
295200 -124200 5589
297300 -79500 5589
297300 -62700 5589
297600 -93300 5589
302100 -71100 5589
303300 -129600 5589
303300 -118800 5589
306900 -62700 5589
308700 -138000 5589
310500 -75900 5589
312600 -127200 5589
315300 -67500 5589
324900 -69000 5589
318000 -135600 5587
184800 -78600 5547
159900 -136800 5499
298800 -103500 5461
74700 -131100 5449
80100 -139200 5449
83400 -126900 5449
88800 -135000 5449
91200 -121200 5449
96600 -129300 5449
96900 -110100 5449
97800 -138900 5449
100800 -120600 5449
105600 -133200 5449
106200 -112500 5449
109800 -124500 5449
111300 -141000 5449
115200 -116400 5449
115500 -132300 5449
120600 -108300 5449
120900 -141000 5449
120900 -124200 5449
125700 -132600 5449
126300 -116100 5449
130500 -107400 5449
131100 -124500 5449
131400 -140400 5449
135000 -93600 5449
135900 -116100 5449
136800 -132300 5449
139500 -103800 5449
141600 -123900 5449
143700 -139200 5449
144600 -95400 5449
144900 -112500 5449
148500 -130800 5449
150600 -120300 5449
157500 -127200 5449
260400 -103800 5319
225600 -99000 5286
312900 -117600 5188
152700 -143400 4995
320100 -77400 4785
322200 -126900 4709
333300 -73800 4702
305700 -84300 4691
327600 -137100 4538
306900 -109800 4506
270600 -87900 4457
310800 -100800 4438
314400 -89700 4438
316500 -108600 4438
320100 -98400 4438
322500 -117300 4438
323700 -87300 4438
325800 -106200 4438
329400 -96000 4438
330900 -122700 4438
332700 -113100 4438
332700 -83700 4438
335100 -103800 4438
335400 -131400 4438
338100 -91800 4438
340200 -120300 4438
341400 -79500 4438
342000 -110700 4438
343800 -99600 4438
344700 -129000 4438
349500 -117900 4438
350700 -106500 4438
351300 -93600 4438
353700 -132900 4438
357300 -123900 4438
357900 -113100 4438
358200 -100500 4438
362400 -137100 4438
365400 -107100 4438
365700 -119100 4438
366900 -96300 4438
367200 -128700 4438
373200 -113100 4438
380100 -106200 4438
203400 -75300 4417
168000 -77400 4408
230100 -145500 4351
278100 -59100 4249
88200 -144600 4196
70500 -139800 4174
275400 -77400 4166
220800 -81900 4043
262500 -93300 3983
270600 -65100 3971
389700 -105600 3952
154500 -80100 3917
195600 -61500 3916
202800 -54900 3916
203400 -37200 3916
204300 -65700 3916
207000 -46200 3916
211200 -31500 3916
211500 -59100 3916
213000 -69900 3916
214800 -40500 3916
215700 -50400 3916
217200 -24000 3916
220200 -63300 3916
220800 -33000 3916
223200 -72600 3916
223500 -44700 3916
224400 -54600 3916
228600 -87900 3916
229500 -37200 3916
229800 -65400 3916
231000 -78600 3916
232200 -48900 3916
235800 -94500 3916
235800 -57900 3916
237600 -71400 3916
237900 -32400 3916
238200 -85200 3916
239100 -42000 3916
242700 -51000 3916
243600 -63900 3916
244800 -78000 3916
245100 -92100 3916
246600 -28200 3916
247800 -37800 3916
250500 -57000 3916
250800 -70500 3916
251400 -46800 3916
251700 -84900 3916
253500 -96900 3916
255000 -23400 3916
256200 -33000 3916
257700 -77400 3916
257700 -63600 3916
259200 -52800 3916
259800 -42000 3916
264000 -27300 3916
1525859