45
Name
Gender: Male
Gender: Female
Age: 0-4
Age: 5-9
Age: 10-14
Age: 15-19
Age: 20-24
Age: 25-29
Age: 30-34
Age: 35-39
Age: 40-44
Age: 45-49
Age: 50-54
Age: 55-59
Age: 60-64
Age: 65-69
Age: 70-74
Age: 75-79
Age: 80-84
Age: 85 plus
Population
Education: No schooling
Education: Some primary
Education: Complete primary
Education: Some secondary
Education: Std 10 or Grade 12
Education: Higher
Households
Dwelling: House or brick structure on a separate stand or yard
Dwelling: Traditional dwelling or hut or structure made of traditional materials
Dwelling: Flat in block of flats
Dwelling: Town house or cluster house or semi-detached house
Dwelling: House or flat or room in back yard
Dwelling: Informal dwelling or shack in back yard
Dwelling: Informal dwelling or shack NOT in back yard
Dwelling: Room or flatlet not in back yard but on shared property
Dwelling: Caravan or tent
Dwelling: Private ship or boat
Goods: Radio
Goods: Television
Goods: Computer
Goods: Refrigerator
Goods: Telephone
Goods: Cell phone
23
163
2046 4449 2061 4451 2076 4453 2105 4458 2127 4461 2132 4455 2165 4461 2194 4467 2223 4472 2252 4477 2281 4483 2310 4488 2339 4493 2347 4494 2382 4495 2417 4497 2434 4498 2452 4499 2487 4501 2505 4502 2522 4503 2540 4503 2557 4504 2575 4505 2592 4506 2611 4507 2629 4508 2647 4509 2666 4510 2697 4512 2706 4512 2715 4512 2760 4515 2767 4515 2776 4516 2829 4518 2836 4519 2844 4519 2848 4519 2859 4520 2870 4521 2881 4521 2892 4522 2901 4522 2911 4523 2920 4523 2929 4524 2938 4524 2947 4525 2954 4525 2960 4454 2966 4383 2981 4385 2982 4328 2987 4268 2992 4208 2997 4148 3002 4088 3008 4028 3013 3968 3015 3911 3261 3927 3499 3944 3752 3960 3935 3973 4247 3996 4256 3921 4262 3848 4384 3856 4507 3864 4533 3572 4545 3460 4546 3409 4540 3399 4335 3328 4262 3296 4250 3291 4225 3274 4210 3258 4194 3270 4114 3333 4062 3378 4059 3381 4055 3381 4038 3382 3992 3382 3828 3371 3807 3370 3801 3369 3800 3369 3677 3361 3534 3350 3530 3350 3426 3344 3316 3336 3235 3330 3171 3332 3096 3339 2998 3350 2967 3352 2959 3353 2957 3353 2949 3353 2857 3363 2788 3374 2778 3375 2728 3378 2595 3394 2531 3403 2516 3405 2393 3419 2372 3421 2315 3426 2232 3432 2223 3433 2216 3434 2163 3440 2150 3442 2134 3444 2088 3452 2067 3455 1908 3477 1906 3502 1903 3535 1693 3524 1679 3523 1546 3514 1230 3491 1104 3483 1095 3482 1093 3482 1090 3520 1087 3556 1086 3605 1076 3727 1070 3777 1056 3924 1044 4069 1036 4153 1032 4176 1026 4196 1019 4205 1008 4218 1045 4211 1076 4200 1122 4183 1155 4178 1174 4177 1198 4177 1221 4180 1234 4181 1244 4182 1321 4200 1356 4207 1361 4214 1359 4222 1340 4304 1341 4310 1343 4314 1349 4315 1391 4322 1623 4365 2046 4449
Arcadia 7728 9111 758 648 648 1656 3556 2635 1651 1065 893 647 473 470 360 328 262 277 274 237 16838 257 370 144 2021 5170 5167 7120 549 68 6113 121 152 12 62 37 5 0 6258 5969 2404 6197 3147 5346 
47
4478 1381 4424 1517 4234 1453 4183 1586 3991 1519 3946 1628 3505 1544 3450 1677 3381 1843 3368 1870 3358 1897 3340 1949 3332 1965 3309 2030 3301 2043 3293 2059 3259 2103 3204 2163 3179 2210 3307 2311 3316 2305 3334 2290 3414 2279 3431 2277 3430 2270 3429 2265 3445 2202 3509 2191 3534 2187 3611 2174 3673 2163 3734 2153 3792 2143 3888 2166 3922 2177 3927 2209 4054 2202 4178 2197 4290 2193 4340 2101 4341 2068 4305 1956 4463 1916 4632 1624 4711 1475 4717 1463 4478 1381
Bailey's_Muckleneuk 277 441 12 25 43 71 42 28 32 30 57 60 43 30 36 20 43 34 51 61 718 18 18 11 93 202 225 142 115 9 0 4 8 0 0 4 0 0 134 133 96 132 125 121 
62
5850 2198 6225 1634 6406 1363 6433 1322 6440 1311 6503 1207 6546 1146 6567 1115 6565 1103 6551 1102 6365 1147 6257 1172 6205 1189 5558 1342 5415 830 5092 790 4962 1025 4964 1032 4957 1039 4943 1055 4930 1074 4858 1210 4844 1234 4800 1316 4792 1331 4785 1335 4783 1338 4784 1344 4758 1391 4717 1463 4711 1475 4632 1624 4463 1916 4305 1956 4341 2068 4340 2101 4290 2193 4347 2376 4362 2447 4368 2479 4371 2497 4373 2502 4386 2566 4388 2595 4390 2627 4389 2682 4389 2691 4399 2690 4416 2685 4449 2680 4789 2598 4880 2576 4911 2569 4995 2548 5044 2537 5101 2523 5135 2515 5148 2512 5621 2397 5733 2373 5739 2365 5850 2198
Brooklyn 1277 1416 84 111 189 229 268 157 148 212 254 248 208 171 129 95 86 52 32 20 2693 60 131 50 231 502 1106 1018 721 5 46 101 108 5 3 30 0 0 954 886 569 793 718 736 
66
3499 3944 3473 4257 3472 4268 3499 4263 3524 4260 3542 4260 3573 4260 3605 4263 3635 4268 3664 4276 3686 4284 3709 4294 3756 4319 3763 4322 3770 4322 3777 4346 3769 4444 3763 4527 3752 4547 3751 4565 3748 4593 3748 4616 3747 4640 3762 4643 3816 4651 3936 4661 3981 4670 3986 4670 4130 4692 4150 4694 4173 4702 4185 4716 4191 4729 4191 4755 4185 4792 4185 4804 4217 4829 4370 4839 4551 4841 4592 4840 4600 4835 4599 4822 4781 4826 4786 4745 4800 4563 4844 4557 4853 4534 4889 4504 4894 4492 4890 4468 4915 4440 4924 4433 4936 4428 4945 4424 4956 4420 4966 4417 4983 4414 5013 4412 5019 4253 5028 4054 4588 4019 4281 4000 4247 3996 3935 3973 3752 3960 3499 3944
Bryntirion 106 136 15 7 5 14 15 25 35 21 15 18 23 24 5 6 6 0 3 3 240 4 18 10 34 29 105 113 77 3 3 0 7 3 0 19 0 0 99 86 52 80 70 78 
74
5909 4639 5920 4639 5922 4642 5935 4643 6003 4646 6018 4641 6035 4648 6048 4649 6090 4651 6100 4645 6149 4646 6155 4654 6210 4656 6239 4650 6653 4678 6624 4670 6618 4668 6603 4663 6589 4655 6551 4610 6518 4572 6519 4571 6520 4569 6521 4567 6520 4564 6519 4557 6517 4556 6497 4542 6393 4456 6311 4388 6162 4265 6021 4153 5980 4118 5965 4113 5789 4102 5575 4090 5477 4080 5323 4071 5230 4063 5201 4062 5135 4057 5073 4055 5028 4054 5019 4253 5013 4412 4983 4414 4966 4417 4956 4420 4945 4424 4936 4428 4924 4433 4915 4440 4890 4468 4894 4492 4889 4504 4853 4534 4844 4557 4800 4563 4786 4745 5212 4766 5504 4778 5511 4742 5629 4741 5631 4728 5726 4728 5724 4710 5716 4632 5720 4632 5747 4633 5774 4635 5829 4638 5897 4641 5901 4641 5909 4639
Colbyn 572 693 49 58 50 87 104 56 89 102 102 122 76 69 47 35 53 53 54 59 1265 222 32 18 99 244 406 419 330 3 3 4 64 3 3 12 0 0 395 349 200 302 275 281 
43
7975 4508 7932 4509 7866 4511 7751 4515 7762 4753 7762 4786 7762 4797 7804 4803 7816 4804 7869 4811 7902 4815 7917 4816 7918 4808 7955 4806 7999 4807 7999 4813 8018 4812 8033 4811 8051 4810 8069 4809 8111 4807 8161 4805 8204 4803 8241 4801 8282 4799 8326 4797 8373 4794 8418 4792 8424 4791 8478 4784 8521 4779 8483 4756 8418 4711 8316 4641 8287 4621 8253 4599 8210 4573 8161 4548 8119 4533 8085 4522 8043 4514 8010 4510 7975 4508
Colbyn_Valley 20 9 0 0 3 11 0 0 0 4 3 0 0 0 3 0 3 0 0 0 27 0 0 0 0 7 6 8 6 0 3 0 0 0 0 0 0 0 8 4 4 6 6 6 
77
3015 3911 3013 3968 3008 4028 3002 4088 2997 4148 2992 4208 2987 4268 2982 4328 2981 4385 2966 4383 2960 4454 2954 4525 2959 4525 2961 4525 2963 4525 2967 4526 2968 4526 2973 4526 2974 4526 2978 4526 2984 4526 2995 4526 3006 4527 3014 4527 3021 4528 3029 4528 3038 4529 3048 4529 3051 4529 3063 4530 3074 4531 3082 4531 3096 4532 3119 4533 3143 4534 3168 4535 3192 4537 3216 4540 3240 4543 3266 4549 3331 4557 3362 4560 3390 4563 3433 4569 3485 4584 3504 4588 3540 4593 3587 4592 3617 4606 3651 4620 3689 4631 3729 4638 3747 4640 3748 4616 3748 4593 3751 4565 3752 4547 3763 4527 3769 4444 3777 4346 3770 4322 3763 4322 3756 4319 3709 4294 3686 4284 3664 4276 3635 4268 3605 4263 3573 4260 3542 4260 3524 4260 3499 4263 3472 4268 3473 4257 3499 3944 3261 3927 3015 3911
Eastwood 221 275 21 24 27 42 30 40 58 37 56 43 35 21 14 18 13 5 9 5 498 0 19 9 34 71 248 215 128 9 43 16 5 6 0 7 0 0 202 186 125 186 166 173 
109
5230 4063 5323 4071 5477 4080 5575 4090 5789 4102 5965 4113 5984 3892 5994 3886 5996 3878 6013 3675 6014 3661 6019 3599 5976 3596 5958 3594 5939 3593 5921 3592 5885 3589 5848 3587 5830 3585 5811 3584 5775 3581 5763 3581 5767 3513 5771 3474 5774 3433 5780 3359 5866 3365 5872 3292 5878 3230 5879 3219 5880 3208 5885 3145 5890 3083 5892 3060 5897 2998 5902 2945 5903 2933 5817 2932 5818 2939 5737 2939 5578 2939 5558 2934 5522 2934 5485 2934 5448 2934 5430 2934 5393 2934 5316 2935 5313 2934 5303 2934 5267 2935 5233 2935 5220 2935 5202 2935 5165 2935 5128 2936 5101 2936 5092 2936 5071 2936 5067 2936 5048 2936 5030 2936 5011 2936 5002 2936 4975 2937 4970 2937 4956 2937 4943 2937 4922 2937 4916 2937 4901 2937 4882 2937 4865 2937 4857 2937 4831 2937 4824 2878 4531 2946 4457 2963 4449 2978 4473 3112 4480 3128 4480 3173 4455 3241 4450 3259 4460 3270 4407 3265 4275 3241 4239 3243 4210 3258 4225 3274 4250 3291 4262 3296 4335 3328 4540 3399 4546 3409 4545 3460 4533 3572 4507 3864 4384 3856 4262 3848 4256 3921 4247 3996 4281 4000 4588 4019 5028 4054 5073 4055 5135 4057 5201 4062 5230 4063
Hatfield 1084 1631 49 31 34 525 1129 287 149 92 82 87 65 55 31 26 30 26 11 4 2713 37 61 17 115 944 902 932 326 14 477 33 49 11 6 15 3 0 847 733 521 809 454 782 
67
5733 2373 5621 2397 5148 2512 5135 2515 5101 2523 5044 2537 4995 2548 4911 2569 4880 2576 4789 2598 4449 2680 4416 2685 4399 2690 4406 2707 4408 2727 4409 2728 4423 2769 4374 2775 4352 2781 4353 2786 4359 2819 4366 2854 4374 2885 4390 2914 4392 2922 4377 2934 4383 2944 4397 2950 4428 2970 4449 2978 4457 2963 4531 2946 4824 2878 4831 2937 4857 2937 4865 2937 4882 2937 4901 2937 4916 2937 4922 2937 4943 2937 4956 2937 4970 2937 4975 2937 5002 2936 5011 2936 5030 2936 5048 2936 5067 2936 5071 2936 5092 2936 5101 2936 5128 2936 5165 2935 5202 2935 5220 2935 5233 2935 5267 2935 5303 2934 5313 2934 5316 2935 5514 2692 5623 2535 5672 2464 5714 2399 5725 2385 5733 2373
Hillcrest 125 230 3 4 31 86 155 28 14 11 5 3 8 0 4 0 3 3 0 0 358 0 10 0 19 133 66 78 51 0 19 4 3 0 0 0 0 0 72 66 57 71 36 70 
106
7069 6608 7033 7112 7274 7207 7327 7222 7358 7228 7403 7232 7442 7233 7523 7229 7670 7220 7716 7217 7770 7214 7863 7209 7875 7209 7923 7207 7979 7204 7927 7089 7998 7088 7995 6981 7992 6941 7991 6901 7986 6793 7984 6752 7983 6715 7978 6606 7975 6564 7974 6522 7973 6467 7965 6309 7964 6271 7963 6257 7962 6226 7960 6194 7956 6099 7954 6066 7953 6034 7945 5863 7943 5835 7937 5835 7902 5838 7877 5839 7859 5838 7841 5835 7836 5832 7832 5830 7831 5820 7834 5818 7838 5813 7840 5806 7842 5801 7848 5795 7854 5792 7947 5759 7964 5753 7998 5729 8035 5702 8082 5657 8126 5615 8155 5569 8178 5533 8183 5522 8185 5511 8188 5447 8187 5440 8185 5435 8180 5430 8176 5426 8171 5422 8186 5407 8083 5327 7977 5247 7904 5193 7799 5112 7789 5105 7779 5097 7736 5063 7691 5023 7660 4992 7624 4949 7591 4905 7577 4883 7567 4865 7549 4826 7532 4821 7515 4818 7446 4807 7446 4803 7275 4774 7274 4779 7253 4776 7232 4773 7230 4779 7199 4867 7181 4918 7174 4941 7170 4957 7167 4974 7166 5002 7167 5087 7166 5123 7135 5572 7122 5796 7113 5963 7111 5992 7091 6270 7090 6277 7069 6608
Kilner_Park 2298 2671 225 243 260 340 469 500 447 395 299 334 372 323 271 154 130 93 68 46 4969 99 98 43 653 1645 1363 1806 1181 5 259 265 61 7 11 14 3 0 1671 1626 852 1625 1288 1374 
129
8786 2469 8822 2177 8823 2134 8832 2070 8831 2003 8832 1956 8818 1872 8802 1797 8794 1764 8791 1752 8789 1744 8755 1619 8747 1577 8721 1487 8702 1416 8647 1192 8621 1111 8490 618 8490 614 8473 521 8472 515 8390 576 8350 612 8313 648 8276 683 8214 764 8116 879 8060 931 8022 963 8169 1023 8139 1089 8106 1161 8082 1161 8052 1173 8016 1195 8006 1207 8023 1230 8046 1245 7981 1302 7953 1334 7825 1436 7812 1435 7776 1437 7770 1439 7762 1441 7750 1454 7748 1457 7746 1482 7750 1502 7725 1527 7596 1634 7593 1636 7591 1638 7494 1720 7415 1738 7361 1750 7304 1764 7247 1777 7247 1788 7257 1825 7273 1880 7272 1897 7261 1977 7254 2024 7250 2052 7248 2065 6987 2076 6840 2114 6562 2186 6306 2201 6241 2219 6245 2235 6289 2422 6299 2466 6315 2532 6323 2568 6332 2605 6340 2641 6349 2677 6359 2719 6376 2759 6390 2793 6405 2828 6420 2862 6421 2865 6450 2932 6485 2932 6520 2932 6564 2932 6605 2932 6646 2931 6687 2931 6727 2931 6768 2931 6835 2931 6856 2931 6978 2930 7042 2930 7080 2930 7100 2930 7127 2930 7208 2930 7272 2929 7279 2929 7306 2929 7358 2929 7397 2929 7399 2929 7440 2929 7498 2929 7716 2928 7856 2928 7877 2928 8063 2927 8220 2927 8279 2926 8327 2926 8377 2926 8427 2926 8496 2926 8603 2925 8728 2926 8725 2918 8729 2894 8736 2853 8757 2714 8761 2686 8771 2556 8786 2469
Lynnwood 1894 2235 157 222 264 343 362 233 275 306 416 328 350 273 186 126 122 86 50 30 4129 90 150 81 340 723 1760 1630 985 23 180 220 167 5 4 46 0 0 1535 1398 850 1224 1060 1187 
66
8621 1111 8647 1192 8702 1416 8721 1487 8747 1577 8755 1619 8789 1744 8796 1743 8857 1734 9237 1693 9364 1674 9456 1646 9604 1589 9616 1582 9736 1533 9830 1508 9974 1493 9990 1493 10069 1496 10162 1515 10377 1580 10423 1429 10432 1394 10436 1371 10436 1277 10405 929 10401 899 10392 869 10384 817 10379 777 10375 744 10344 676 10325 633 10305 600 10282 569 10255 534 10248 527 10244 525 10232 522 10213 505 10171 463 10169 461 10166 456 10108 389 10044 312 9979 235 9934 170 9921 153 9915 131 9894 84 9851 13 9839 0 9739 12 9639 26 9468 51 9360 83 9076 180 8830 302 8709 363 8607 419 8473 514 8472 515 8473 521 8490 614 8490 618 8621 1111
Lynnwood_Glen 1772 1791 153 167 256 412 254 240 261 272 298 237 232 244 199 134 114 50 28 11 3562 100 97 49 259 580 1490 1266 727 6 114 246 111 3 3 56 0 0 1195 1126 721 1054 986 968 
277
9561 2325 9746 2615 9775 2719 9859 3024 9807 3020 9858 3123 9906 3254 10018 3232 10020 3232 10032 3228 10237 3193 10246 3235 10264 3244 10573 3196 10718 3174 10742 3174 10747 3173 10754 3174 10764 3176 10774 3180 10804 3160 10857 3139 10850 3136 10849 3135 10843 3134 10839 3131 10834 3130 10831 3129 10826 3126 10823 3124 10817 3119 10816 3118 10809 3113 10804 3111 10790 3102 10775 3095 10771 3093 10765 3091 10753 3087 10740 3085 10728 3082 10720 3078 10717 3076 10714 3074 10711 3073 10707 3070 10704 3068 10701 3064 10699 3062 10696 3059 10695 3057 10693 3054 10691 3051 10689 3049 10687 3046 10686 3044 10685 3042 10683 3040 10682 3037 10680 3034 10679 3031 10678 3029 10677 3027 10676 3024 10675 3020 10671 3014 10669 3011 10668 3009 10667 3007 10665 3004 10662 3001 10661 2999 10660 2997 10656 2994 10654 2990 10650 2985 10648 2982 10647 2978 10645 2976 10645 2974 10644 2972 10643 2971 10643 2969 10642 2966 10641 2964 10641 2963 10639 2961 10638 2959 10638 2957 10638 2955 10637 2953 10637 2952 10632 2943 10622 2875 10588 2837 10581 2832 10577 2829 10576 2826 10575 2823 10571 2817 10567 2812 10559 2806 10556 2803 10549 2796 10542 2789 10538 2785 10537 2784 10531 2779 10525 2774 10524 2773 10519 2765 10515 2758 10511 2752 10507 2748 10504 2743 10503 2742 10499 2738 10498 2733 10497 2729 10498 2723 10491 2711 10490 2710 10488 2704 10485 2700 10484 2692 10484 2686 10482 2679 10483 2676 10483 2670 10479 2658 10478 2651 10478 2647 10476 2644 10476 2641 10474 2633 10474 2625 10473 2615 10472 2605 10472 2603 10470 2593 10469 2584 10466 2569 10466 2562 10463 2551 10460 2542 10458 2535 10457 2525 10457 2516 10456 2509 10454 2499 10454 2487 10454 2476 10453 2466 10452 2455 10453 2450 10453 2449 10455 2445 10456 2440 10456 2431 10454 2418 10448 2407 10441 2393 10436 2384 10431 2375 10422 2366 10415 2355 10405 2345 10399 2340 10393 2335 10387 2328 10378 2317 10370 2310 10363 2304 10359 2294 10358 2293 10354 2288 10343 2281 10329 2275 10321 2272 10298 2268 10289 2264 10278 2261 10258 2249 10245 2239 10225 2229 10202 2216 10167 2209 10144 2201 10122 2183 10109 2163 10098 2136 10097 2134 10085 2116 10080 2108 10076 2105 10070 2100 10070 2095 10062 2091 10052 2080 10050 2063 10077 2053 10080 2046 10078 2039 10076 2032 10078 2027 10070 2019 10063 2012 10059 2005 10053 1995 10045 1981 10039 1969 10033 1955 10030 1948 10025 1942 10018 1936 10011 1931 10001 1924 9993 1918 9983 1912 9976 1906 9967 1899 9924 1862 9919 1858 9908 1849 9867 1802 9848 1764 9846 1743 9854 1722 9864 1700 9881 1695 9898 1683 9924 1668 9947 1662 9969 1659 9983 1647 9996 1647 10007 1626 10014 1596 10009 1573 9997 1548 9994 1528 9988 1511 9990 1493 9974 1493 9830 1508 9736 1533 9616 1582 9604 1589 9456 1646 9364 1674 9237 1693 8857 1734 8796 1743 8789 1744 8791 1752 8794 1764 8802 1797 8818 1872 8832 1956 8831 2003 8832 2070 8823 2134 8822 2177 8786 2469 8771 2556 8790 2547 8848 2516 8850 2515 9119 2380 9152 2376 9297 2358 9338 2353 9435 2341 9466 2336 9504 2332 9546 2327 9561 2325
Lynnwood_Manor 1182 1383 96 134 120 159 231 242 208 204 193 191 165 165 170 124 86 38 25 12 2563 76 49 43 154 544 1190 1088 554 4 90 355 70 0 4 6 3 0 1016 958 595 910 732 830 
89
7596 1634 7725 1527 7750 1502 7746 1482 7748 1457 7750 1454 7762 1441 7770 1439 7776 1437 7812 1435 7825 1436 7953 1334 7981 1302 8046 1245 8023 1230 8006 1207 8016 1195 8052 1173 8082 1161 8106 1161 8139 1089 8169 1023 8022 963 8060 931 8116 879 8214 764 8276 683 8313 648 8350 612 8390 576 8472 515 8473 514 8426 290 8398 222 8375 270 8366 300 8364 350 8350 420 8347 454 8348 457 8340 459 8260 479 8096 521 7896 572 7891 582 7785 608 7736 621 7581 660 7441 696 7327 727 7257 744 7096 784 6994 809 6891 835 6714 880 6703 910 6656 980 6586 1092 6565 1103 6567 1115 6546 1146 6503 1207 6440 1311 6433 1322 6406 1363 6225 1634 5850 2198 5739 2365 6241 2219 6306 2201 6562 2186 6840 2114 6987 2076 7248 2065 7250 2052 7254 2024 7261 1977 7272 1897 7273 1880 7257 1825 7247 1788 7247 1777 7304 1764 7361 1750 7415 1738 7494 1720 7591 1638 7593 1636 7596 1634
Menlo_Park 1335 1537 100 151 227 285 239 162 195 209 290 227 229 165 129 94 73 52 30 17 2874 66 136 26 143 548 1192 994 801 16 25 35 48 8 0 56 5 0 930 886 581 819 723 756 
30
4784 1344 4783 1338 4785 1335 4792 1331 4800 1316 4844 1234 4858 1210 4930 1074 4943 1055 4957 1039 4964 1032 4962 1025 5092 790 4948 772 4328 694 4214 680 3886 638 3795 842 3738 978 3736 983 3505 1544 3946 1628 3991 1519 4183 1586 4234 1453 4424 1517 4478 1381 4717 1463 4758 1391 4784 1344
New_Muckleneuk 336 416 16 31 53 54 52 46 46 50 65 59 42 31 57 30 29 25 26 39 751 6 34 15 116 177 249 227 168 0 6 18 23 4 0 6 0 0 203 194 119 196 166 159 
94
3456 2967 3459 2987 3472 3075 3480 3140 3494 3229 3499 3269 3515 3321 3534 3350 3677 3361 3800 3369 3801 3369 3807 3370 3828 3371 3992 3382 4038 3382 4055 3381 4059 3381 4062 3378 4114 3333 4194 3270 4210 3258 4239 3243 4275 3241 4407 3265 4460 3270 4450 3259 4455 3241 4480 3173 4480 3128 4473 3112 4449 2978 4428 2970 4397 2950 4383 2944 4377 2934 4392 2922 4390 2914 4374 2885 4366 2854 4359 2819 4353 2786 4352 2781 4374 2775 4423 2769 4409 2728 4408 2727 4406 2707 4399 2690 4389 2691 4389 2682 4390 2627 4388 2595 4386 2566 4373 2502 4371 2497 4368 2479 4362 2447 4347 2376 4290 2193 4178 2197 4054 2202 3927 2209 3922 2177 3888 2166 3792 2143 3734 2153 3673 2163 3611 2174 3534 2187 3509 2191 3445 2202 3429 2265 3430 2270 3431 2277 3414 2279 3334 2290 3316 2305 3307 2311 3310 2314 3292 2358 3265 2434 3248 2472 3225 2513 3180 2558 3155 2572 3158 2574 3139 2593 3120 2617 3106 2639 3055 2737 3047 2758 3227 2886 3358 2980 3456 2967
Pretoria_University_&_Schools 408 351 11 9 154 397 25 26 26 22 15 15 17 23 12 3 0 0 0 0 755 16 19 9 26 36 80 112 64 0 3 28 3 3 0 13 0 0 100 79 36 70 47 67 
27
6241 2219 5739 2365 5733 2373 5725 2385 5714 2399 5672 2464 5623 2535 5514 2692 5316 2935 5393 2934 5430 2934 5448 2934 5485 2934 5522 2934 5558 2934 5578 2939 5737 2939 5730 2745 5870 2742 5868 2609 6249 2602 6313 2527 6315 2532 6299 2466 6289 2422 6245 2235 6241 2219
Pretoria_University_Sports_Grounds 227 116 3 0 31 162 112 3 6 4 6 5 5 4 3 0 0 0 0 0 344 4 5 0 10 102 25 4 3 0 0 0 0 0 0 0 0 0 3 3 3 3 3 3 
214
1731 5325 1731 5357 1745 5393 1749 5406 1755 5415 1777 5438 1795 5459 1813 5480 1828 5504 1838 5531 1842 5555 1859 5555 1878 5439 1900 5443 1907 5444 1946 5451 1975 5456 1992 5411 2015 5351 2007 5336 2067 5181 2089 5118 2111 5060 2115 5049 2157 4939 2172 4900 2238 4728 2251 4727 2258 4708 2265 4690 2272 4670 2280 4651 2287 4631 2295 4611 2302 4592 2310 4572 2317 4552 2324 4533 2332 4513 2339 4493 2310 4488 2281 4483 2252 4477 2223 4472 2194 4467 2165 4461 2132 4455 2127 4461 2105 4458 2076 4453 2061 4451 2046 4449 1623 4365 1391 4322 1349 4315 1343 4314 1341 4310 1340 4304 1359 4222 1361 4214 1356 4207 1321 4200 1244 4182 1234 4181 1221 4180 1198 4177 1174 4177 1155 4178 1122 4183 1076 4200 1045 4211 1008 4218 1007 4223 1004 4227 994 4235 977 4243 936 4260 820 4343 809 4348 794 4352 772 4351 774 4357 772 4366 765 4370 697 4387 682 4393 652 4398 609 4405 609 4426 611 4430 614 4435 622 4445 632 4454 642 4461 647 4465 663 4513 672 4542 675 4552 623 4568 599 4490 570 4492 554 4493 552 4505 551 4509 550 4520 547 4536 545 4551 542 4567 540 4582 538 4598 535 4613 533 4629 523 4691 518 4719 488 4717 476 4713 405 4708 393 4708 374 4707 370 4715 354 4711 356 4697 357 4662 372 4454 373 4446 29 4434 21 4564 16 4614 15 4621 12 4669 2 4777 0 4798 3 4824 6 4840 14 4870 18 4886 34 4921 53 4958 86 4999 130 5040 174 5074 192 5091 216 5120 226 5145 227 5168 212 5267 229 5268 271 5267 303 5266 341 5266 372 5265 390 5265 410 5264 428 5264 447 5264 485 5263 504 5263 522 5262 541 5262 554 5262 635 5260 673 5260 676 5260 686 5259 723 5266 758 5272 785 5277 804 5281 813 5282 841 5288 872 5293 915 5301 934 5304 938 5302 944 5300 950 5300 1074 5323 1085 5322 1095 5320 1104 5319 1121 5321 1137 5323 1158 5327 1161 5332 1164 5335 1167 5338 1171 5340 1175 5342 1180 5342 1187 5343 1259 5342 1296 5340 1305 5337 1319 5327 1327 5322 1339 5321 1361 5319 1367 5317 1369 5316 1372 5311 1373 5304 1374 5291 1398 5305 1415 5312 1442 5313 1480 5313 1557 5311 1613 5312 1629 5310 1645 5303 1656 5312 1676 5320 1705 5323 1731 5325
Prinshof 837 1133 88 89 137 346 499 203 125 93 69 62 63 54 46 28 29 19 11 10 1971 47 57 27 223 743 212 93 15 0 34 3 6 0 0 35 0 0 69 47 16 53 17 61 
108
6561 6128 6568 6147 6554 6156 6558 6178 6559 6193 6457 6503 6537 6534 6553 6534 6727 6602 6560 6919 6615 6941 7033 7112 7069 6608 7090 6277 7091 6270 7111 5992 7113 5963 7122 5796 7135 5572 7166 5123 7167 5087 7166 5002 7167 4974 7170 4957 7174 4941 7181 4918 7199 4867 7230 4779 7232 4773 7219 4770 7138 4757 7124 4755 7099 4751 7070 4746 7052 4743 7006 4736 6960 4728 6913 4721 6876 4715 6867 4713 6784 4700 6700 4686 6680 4683 6653 4678 6239 4650 6210 4656 6155 4654 6149 4646 6100 4645 6090 4651 6048 4649 6035 4648 6018 4641 6003 4646 5935 4643 5922 4642 5920 4639 5909 4639 5901 4641 5897 4641 5829 4638 5774 4635 5747 4633 5720 4632 5716 4632 5724 4710 5726 4728 5729 4767 5730 4778 5736 4830 5738 4852 5742 4899 5743 4908 5542 4893 5535 4894 5529 4898 5525 4905 5524 5045 5512 5053 5510 5092 5506 5486 5510 5495 5509 5607 5559 5609 5559 5619 5606 5620 5671 5622 5691 5623 5704 5623 5718 5625 5727 5628 5736 5633 5812 5676 5804 5685 5784 5706 5701 5789 5565 5921 5548 5940 5533 5958 5524 5978 5519 6001 5518 6167 5520 6349 5520 6374 5578 6366 6170 6223 6486 6145 6561 6128
Queenswood 2716 3422 242 307 405 414 491 440 493 456 459 375 338 318 299 263 244 210 200 184 6138 86 100 56 899 2019 1611 2287 1357 24 652 123 103 18 0 10 0 0 2158 2020 964 2112 1704 1617 
153
4140 5745 4143 5752 4146 5762 4142 5771 4142 5776 4145 5780 4173 5784 4182 5786 4208 5790 4251 5785 4286 5782 4320 5778 4326 5778 4329 5777 4357 5774 4391 5771 4432 5767 4467 5763 4477 5762 4511 5759 4546 5755 4590 5750 4615 5748 4624 5747 4687 5740 4698 5739 4762 5732 4771 5732 4841 5724 4910 5717 4928 5715 4997 5708 5066 5701 5075 5700 5144 5693 5214 5686 5223 5685 5292 5678 5361 5671 5366 5670 5370 5670 5415 5665 5508 5656 5509 5607 5510 5495 5506 5486 5510 5092 5512 5053 5524 5045 5525 4905 5529 4898 5535 4894 5542 4893 5743 4908 5742 4899 5738 4852 5736 4830 5730 4778 5729 4767 5726 4728 5631 4728 5629 4741 5511 4742 5504 4778 5212 4766 4786 4745 4781 4826 4599 4822 4600 4835 4592 4840 4551 4841 4370 4839 4217 4829 4185 4804 4185 4792 4191 4755 4191 4729 4185 4716 4173 4702 4150 4694 4130 4692 3986 4670 3983 4688 3989 4695 3993 4707 3994 4722 3991 4739 3987 4750 3991 4764 3987 4778 3978 4787 3863 4782 3783 4778 3501 4765 3483 4962 3261 4950 3245 5240 3104 5232 3093 5232 3050 5231 3068 5286 3098 5380 3099 5405 3098 5416 3093 5427 3042 5628 3050 5624 3175 5674 3209 5689 3218 5690 3234 5691 3253 5692 3272 5693 3281 5694 3290 5694 3309 5695 3347 5697 3365 5699 3382 5700 3382 5677 3429 5679 3428 5702 3428 5709 3572 5715 3663 5722 3731 5729 3870 5749 3877 5755 3914 5757 3940 5759 3963 5762 3973 5767 3981 5771 3997 5772 4001 5774 4006 5773 4014 5770 4021 5770 4031 5771 4036 5774 4044 5774 4052 5774 4064 5774 4072 5776 4079 5777 4084 5778 4089 5777 4092 5775 4097 5773 4103 5771 4113 5764 4129 5753 4140 5745
Rietondale 915 916 102 112 154 132 119 84 180 164 174 152 121 87 71 57 43 32 32 13 1829 31 52 11 113 372 751 681 581 0 0 9 71 0 0 11 7 0 639 583 390 585 534 520 
151
2786 5228 2938 5235 3050 5231 3093 5232 3104 5232 3245 5240 3261 4950 3483 4962 3501 4765 3783 4778 3863 4782 3978 4787 3987 4778 3991 4764 3987 4750 3991 4739 3994 4722 3993 4707 3989 4695 3983 4688 3986 4670 3981 4670 3936 4661 3816 4651 3762 4643 3747 4640 3729 4638 3689 4631 3651 4620 3617 4606 3587 4592 3540 4593 3504 4588 3485 4584 3433 4569 3390 4563 3362 4560 3331 4557 3266 4549 3240 4543 3216 4540 3192 4537 3168 4535 3143 4534 3119 4533 3096 4532 3082 4531 3074 4531 3063 4530 3051 4529 3048 4529 3038 4529 3029 4528 3021 4528 3014 4527 3006 4527 2995 4526 2984 4526 2978 4526 2974 4526 2973 4526 2968 4526 2967 4526 2963 4525 2961 4525 2959 4525 2954 4525 2947 4525 2938 4524 2929 4524 2920 4523 2911 4523 2901 4522 2892 4522 2881 4521 2870 4521 2859 4520 2848 4519 2844 4519 2836 4519 2829 4518 2776 4516 2767 4515 2760 4515 2715 4512 2706 4512 2697 4512 2666 4510 2647 4509 2629 4508 2611 4507 2592 4506 2575 4505 2557 4504 2540 4503 2522 4503 2505 4502 2487 4501 2452 4499 2434 4498 2417 4497 2382 4495 2347 4494 2339 4493 2332 4513 2324 4533 2317 4552 2310 4572 2302 4592 2295 4611 2287 4631 2280 4651 2272 4670 2265 4690 2258 4708 2251 4727 2238 4728 2172 4900 2157 4939 2115 5049 2111 5060 2089 5118 2067 5181 2007 5336 2015 5351 1992 5411 1975 5456 2016 5461 2022 5461 2037 5463 2055 5465 2068 5467 2074 5467 2092 5469 2098 5470 2110 5471 2147 5476 2165 5478 2183 5480 2220 5484 2251 5487 2256 5488 2293 5492 2319 5495 2366 5501 2369 5437 2378 5424 2381 5357 2496 5362 2776 5374 2786 5228
Riviera 956 1220 83 108 116 115 292 201 162 166 137 127 98 79 63 56 52 101 101 118 2175 28 33 16 197 679 801 703 527 3 56 12 82 4 0 19 0 0 654 581 359 608 418 537 
243
9807 3020 9859 3024 9775 2719 9746 2615 9561 2325 9546 2327 9504 2332 9466 2336 9435 2341 9338 2353 9297 2358 9152 2376 9119 2380 8850 2515 8848 2516 8790 2547 8771 2556 8761 2686 8757 2714 8736 2853 8729 2894 8725 2918 8728 2926 8603 2925 8496 2926 8427 2926 8377 2926 8327 2926 8279 2926 8220 2927 8063 2927 7877 2928 7856 2928 7716 2928 7498 2929 7440 2929 7399 2929 7397 2929 7358 2929 7306 2929 7279 2929 7272 2929 7208 2930 7127 2930 7100 2930 7080 2930 7042 2930 6978 2930 6856 2931 6835 2931 6768 2931 6727 2931 6687 2931 6646 2931 6605 2932 6564 2932 6520 2932 6485 2932 6450 2932 6421 2865 6420 2862 6405 2828 6390 2793 6376 2759 6359 2719 6349 2677 6340 2641 6332 2605 6323 2568 6315 2532 6313 2527 6249 2602 5868 2609 5870 2742 5730 2745 5737 2939 5818 2939 5817 2932 5903 2933 5902 2945 5897 2998 5892 3060 5890 3083 5885 3145 5880 3208 5879 3219 5878 3230 5872 3292 5866 3365 5780 3359 5774 3433 5771 3474 5767 3513 5763 3581 5775 3581 5811 3584 5830 3585 5848 3587 5885 3589 5921 3592 5939 3593 5958 3594 5976 3596 6019 3599 6014 3661 6013 3675 5996 3878 5994 3886 5984 3892 5965 4113 5980 4118 6021 4153 6162 4265 6311 4388 6393 4456 6497 4542 6517 4556 6519 4557 6520 4564 6521 4567 6520 4569 6519 4571 6518 4572 6551 4610 6589 4655 6603 4663 6618 4668 6624 4670 6653 4678 6680 4683 6700 4686 6784 4700 6867 4713 6876 4715 6913 4721 6960 4728 7006 4736 7052 4743 7070 4746 7099 4751 7124 4755 7138 4757 7219 4770 7232 4773 7253 4776 7274 4779 7275 4774 7446 4803 7446 4807 7515 4818 7532 4821 7549 4826 7567 4865 7577 4883 7591 4905 7624 4949 7660 4992 7691 5023 7736 5063 7779 5097 7771 5007 7763 4810 7762 4797 7762 4786 7762 4753 7751 4515 7866 4511 7932 4509 7975 4508 8010 4510 8043 4514 8085 4522 8119 4533 8161 4548 8210 4573 8253 4599 8287 4621 8316 4641 8418 4711 8483 4756 8521 4779 8536 4786 8551 4793 8571 4800 8588 4805 8628 4816 8801 4858 8822 4864 8843 4870 8872 4876 8993 4906 9326 4999 9465 5039 9578 5066 9554 4872 9547 4812 9528 4636 9571 4630 9596 4626 9613 4747 9630 4741 9624 4649 9614 4639 9608 4632 9603 4620 9600 4610 9598 4603 9595 4592 9588 4539 9578 4457 9567 4418 9565 4364 9557 4296 9556 4293 9555 4291 9539 4220 9540 4190 9533 4122 9529 4018 9520 3931 9508 3888 9504 3853 9503 3845 9502 3836 9497 3775 9488 3692 9481 3608 9486 3598 9546 3587 9763 3538 9795 3530 9952 3497 10042 3477 10056 3474 10052 3467 9984 3343 9974 3343 9962 3338 9950 3331 9934 3303 9906 3254 9858 3123 9807 3020
Scientia 39 23 0 0 0 0 7 6 6 4 9 9 4 7 4 0 0 0 0 0 56 0 16 0 9 12 19 6 4 0 0 0 0 0 0 0 0 3 5 5 3 6 3 6 
77
7977 5247 8083 5327 8131 5270 8137 5273 8142 5250 8154 5255 8157 5250 8177 5220 8208 5234 8239 5247 8260 5257 8263 5258 8317 5281 8450 5339 8455 5342 8486 5355 8509 5365 8532 5375 8538 5378 8516 5414 8577 5439 8586 5443 8618 5456 8644 5468 8669 5478 8691 5488 8711 5490 8739 5501 8793 5516 8812 5527 8862 5534 8874 5529 8861 5420 8852 5331 8849 5306 8838 5201 8826 5092 8821 5048 8812 4983 8801 4858 8628 4816 8588 4805 8571 4800 8551 4793 8536 4786 8521 4779 8478 4784 8424 4791 8418 4792 8373 4794 8326 4797 8282 4799 8241 4801 8204 4803 8161 4805 8111 4807 8069 4809 8051 4810 8033 4811 8018 4812 7999 4813 7999 4807 7955 4806 7918 4808 7917 4816 7902 4815 7869 4811 7816 4804 7804 4803 7762 4797 7763 4810 7771 5007 7779 5097 7789 5105 7799 5112 7904 5193 7977 5247
Weavind_Park 800 952 110 90 84 106 179 242 206 148 117 106 93 100 77 47 17 20 9 3 1754 40 6 14 188 568 546 732 390 4 223 83 20 3 3 3 5 0 691 659 318 685 506 579 
20
500
