45
Name
Gender: Male
Gender: Female
Age: 0-4
Age: 5-9
Age: 10-14
Age: 15-19
Age: 20-24
Age: 25-29
Age: 30-34
Age: 35-39
Age: 40-44
Age :45-49
Age: 50-54
Age: 55-59
Age: 60-64
Age: 65-69
Age: 70-74
Age: 75-79
Age: 80-84
Age: 85 plus
Population
Education: No schooling
Education: Some primary
Education: Complete primary
Education: Some secondary
Education: Std 10 or Grade 12
Education: Higher
Households
Dwelling: House or brick structure on a separate stand or yard
Dwelling: Traditional dwelling or hut or structure made of traditional materials
Dwelling: Flat in block of flats
Dwelling: Town house or cluster house or semi-detached house
Dwelling: House or flat or room in back yard
Dwelling: Informal dwelling or shack in back yard
Dwelling: Informal dwelling or shack NOT in back yard
Dwelling: Room or flatlet not in back yard but on shared property
Dwelling: Caravan or tent
Dwelling: Private ship or boat
Goods: Radio
Goods: Television
Goods: Computer
Goods: Refrigerator
Goods: Telephone
Goods: Cell phone
33
287
5848 6689 5982 6701 6008 6712 6189 6726 6232 6732 6282 6739 6299 6588 6478 6604 6486 6510 6528 6427 6542 6431 6550 6416 6565 6422 6779 6510 6771 6554 6771 6556 6762 6605 6827 6611 6829 6596 6843 6604 6915 6617 7009 6622 7105 6633 7128 6631 7170 6590 7175 6578 7214 6542 7199 6481 7195 6464 7188 6436 7118 6150 7098 6070 7081 6003 7056 5915 7046 5883 7045 5843 7048 5833 7049 5829 7026 5738 6988 5586 6972 5583 6977 5550 6977 5538 6974 5504 6965 5462 6943 5381 6935 5325 6936 5285 6941 5264 6916 5260 6912 5259 6890 5253 6654 5216 6346 5165 5905 5093 5867 5082 5861 5081 5840 5078 5791 5071 5522 5036 5520 5027 5068 4959 5042 4955 5015 4952 4995 4949 4939 4939 4865 4928 4760 4933 4739 4936 4691 4933 4610 4918 4578 4915 4526 4906 4430 4891 4412 4888 4345 4877 4311 4872 4126 4843 4091 4839 4081 4837 4056 4831 4054 4830 4034 4828 4000 4823 3981 4816 3949 4806 3916 4791 3888 4780 3866 4719 3841 4723 3628 4688 3368 4646 3364 4668 3362 4680 3340 4677 3196 4654 3172 4650 2983 4620 2945 4613 2935 4612 2903 4607 2878 4602 2837 4596 2664 4568 2656 4567 2652 4566 2628 4563 2617 4561 2602 4558 2589 4556 2576 4554 2563 4552 2551 4550 2536 4548 2523 4546 2510 4544 2503 4542 2498 4542 2469 4537 2463 4536 2393 4525 2286 4508 2285 4507 2282 4506 2276 4506 2270 4505 2227 4498 2200 4494 2170 4489 2123 4482 2092 4477 2084 4475 2004 4462 1990 4460 1976 4458 1905 4447 1891 4445 1877 4442 1867 4441 1862 4440 1852 4438 1852 4435 1846 4435 1837 4434 1824 4440 1791 4458 1780 4463 1761 4473 1588 4570 1594 4579 1600 4589 1601 4591 1608 4602 1615 4612 1621 4622 1627 4632 1633 4642 1639 4651 1645 4661 1649 4666 1638 4669 1535 4694 1517 4703 1505 4673 1474 4663 1430 4677 1417 4703 1431 4729 1409 4737 1303 4818 1245 4825 1246 4848 1205 4853 1077 4937 1068 4950 1072 5033 1164 5030 1496 4987 1674 4965 1869 4939 1870 4940 1879 4940 1940 4937 2113 4929 2132 4928 2141 4927 2167 4926 2194 4923 2196 4922 2245 4911 2270 4916 2360 4938 2373 4940 2387 4941 2403 4943 2419 4944 2423 4945 2426 4945 2439 4948 2452 4950 2466 4952 2479 4954 2491 4956 2503 4958 2516 4960 2528 4962 2540 4964 2553 4966 2565 4969 2577 4971 2601 4977 2615 4980 2627 4983 2639 4986 2651 4989 2671 4993 2674 4994 2686 4997 2700 5000 2704 5001 2712 5003 2720 5006 2734 5010 2745 5013 2758 5017 2772 5022 2788 5027 2791 5027 2798 5030 2805 5032 2819 5036 2829 5039 2835 5041 2842 5043 2851 5046 2865 5052 2874 5056 2903 5068 2921 5075 2966 5093 3002 5108 3017 5115 3069 5141 3115 5164 3176 5194 3362 5298 3568 5413 3453 5563 3451 5567 3434 5590 3411 5621 3386 5656 3600 5804 3686 5871 3765 5922 3783 5943 3802 5950 3810 5954 3814 5955 3864 5977 3962 6080 3943 6106 3922 6142 3905 6210 4050 6243 4078 6253 4144 6279 4140 6309 4108 6537 4453 6513 4872 6498 4902 6497 4926 6496 5177 6484 5265 6484 5280 6492 5353 6529 5430 6585 5434 6538 5628 6662 5652 6677 5658 6677 5710 6677 5716 6677 5790 6684 5842 6689 5848 6689
Dobsonville 28828 30302 5030 4652 5248 5719 7046 6563 4893 4599 4792 3630 2328 1516 1078 818 560 339 212 106 59129 2600 4032 2246 15163 11036 3403 15987 10435 75 397 56 1582 3131 153 150 6 0 12661 11866 734 11845 5241 6362 
98
717 5095 792 5086 919 5069 942 5064 1082 5038 1072 5033 1068 4950 1077 4937 1205 4853 1246 4848 1245 4825 1303 4818 1409 4737 1431 4729 1417 4703 1430 4677 1474 4663 1505 4673 1517 4703 1535 4694 1638 4669 1649 4666 1645 4661 1639 4651 1633 4642 1627 4632 1621 4622 1615 4612 1608 4602 1601 4591 1600 4589 1594 4579 1588 4570 1558 4586 1461 4481 1249 4250 1205 4202 1189 4190 1186 4188 1187 4138 1165 4119 1089 4050 1042 4058 1028 4047 1006 4034 1001 4032 988 4025 975 4021 955 4012 935 4003 910 3989 892 3977 856 3995 821 4020 791 4035 753 4064 715 4118 730 4140 761 4183 791 4233 803 4263 828 4279 835 4292 820 4295 793 4305 784 4313 767 4320 754 4329 744 4340 727 4352 713 4376 699 4388 687 4387 675 4387 646 4382 581 4376 314 4392 46 4407 24 4756 21 4796 10 4998 0 5144 60 5144 86 5141 131 5134 169 5130 199 5133 205 5133 233 5133 310 5133 358 5130 382 5129 385 5129 400 5128 506 5121 520 5120 633 5108 717 5095
Dobsonville_Gardens 1855 1933 337 387 378 378 360 319 342 421 378 240 151 46 21 17 8 0 0 0 3783 208 133 105 823 847 192 1039 1017 15 0 3 0 0 0 3 0 0 933 898 51 955 392 510 
297
10272 3901 10292 3909 10321 3917 10329 3924 10341 3928 10346 3929 10353 3932 10373 3936 10390 3933 10435 3945 10492 3838 10566 3902 10573 3907 10584 3910 10627 3874 10592 3841 10603 3811 10610 3784 10614 3764 10616 3752 10573 3670 10560 3654 10536 3622 10527 3602 10517 3591 10495 3580 10469 3562 10441 3558 10428 3555 10404 3559 10388 3560 10362 3557 10342 3547 10330 3546 10309 3545 10293 3539 10280 3534 10267 3530 10257 3525 10245 3522 10229 3519 10219 3528 10209 3524 10195 3519 10186 3514 10183 3502 10174 3483 10162 3467 10148 3458 10126 3448 10099 3446 10081 3456 10065 3474 10060 3481 10048 3486 10029 3500 10018 3505 9997 3499 9980 3492 9963 3496 9950 3496 9943 3499 9924 3499 9904 3505 9887 3502 9883 3494 9874 3486 9854 3479 9850 3478 9836 3475 9821 3482 9800 3493 9785 3503 9777 3511 9742 3515 9707 3510 9703 3495 9692 3485 9690 3484 9674 3478 9656 3471 9625 3470 9609 3470 9565 3470 9551 3473 9545 3471 9537 3475 9509 3471 9506 3456 9498 3448 9473 3446 9452 3439 9441 3433 9436 3423 9420 3405 9376 3355 9357 3354 9351 3351 9368 3321 9357 3309 9345 3302 9340 3298 9342 3273 9326 3220 9334 3142 9336 3124 9345 3113 9352 3085 9359 3044 9375 3037 9385 3033 9381 3004 9371 2983 9370 2977 9365 2928 9347 2937 9329 2947 9275 2977 9238 2996 9199 3015 9167 3022 9138 3029 9108 3036 9098 3037 8939 3048 8889 3049 8887 3049 8886 3052 8886 3054 8883 3074 8881 3089 8876 3118 8875 3124 8856 3233 8857 3249 8815 3269 8752 3281 8746 3288 8744 3291 8730 3304 8724 3309 8714 3323 8700 3327 8693 3338 8684 3343 8673 3349 8662 3349 8650 3356 8645 3368 8640 3385 8630 3412 8627 3438 8630 3450 8633 3460 8641 3473 8651 3479 8659 3484 8668 3486 8672 3490 8675 3495 8678 3535 8691 3668 8685 3731 8668 3785 8658 3819 8650 3844 8628 3877 8622 3887 8602 3926 8598 3938 8589 3966 8574 4001 8578 4043 8564 4067 8549 4093 8536 4116 8538 4150 8538 4156 8523 4196 8501 4318 8498 4338 8491 4376 8488 4404 8491 4432 8491 4454 8481 4471 8482 4497 8483 4509 8484 4516 8493 4544 8491 4572 8415 4538 8398 4645 8397 4651 8400 4681 8403 4700 8404 4769 8395 4811 8390 4856 8367 4880 8356 4892 8361 4910 8362 4918 8396 4950 8386 4969 8375 4977 8362 4998 8357 5019 8353 5022 8334 5036 8322 5042 8313 5051 8296 5061 8279 5071 8274 5078 8271 5081 8266 5085 8260 5085 8254 5088 8249 5093 8244 5101 8233 5106 8224 5112 8218 5120 8214 5132 8208 5141 8202 5149 8198 5158 8181 5168 8169 5176 8159 5182 8154 5187 8145 5193 8137 5206 8131 5223 8172 5242 8200 5222 8245 5226 8335 5233 8356 5234 8370 5230 8450 5209 8501 5165 8535 5136 8542 5131 8581 5168 8598 5184 8663 5225 8678 5198 8689 5181 8707 5147 8724 5116 8772 5029 8809 4962 8835 4973 8850 4982 8870 4985 8891 4991 8904 5000 8927 5017 8948 5033 8951 5035 8981 5056 9188 4936 9197 4947 9209 4991 9227 4942 9247 4911 9276 4889 9359 4838 9406 4811 9494 4760 9529 4740 9544 4730 9553 4726 9653 4669 9709 4636 9806 4579 9782 4531 9780 4507 9799 4444 9818 4389 9819 4385 9819 4383 9820 4381 9839 4299 9844 4275 9845 4270 9848 4255 9855 4245 9880 4203 9921 4135 10022 3975 10045 3965 10124 3942 10144 3937 10272 3901
Dube 11526 11098 1600 1491 1582 1840 2682 2973 2146 1822 1525 1305 915 576 511 441 523 382 210 101 22625 955 1428 805 6371 5459 1092 6980 4175 36 33 33 1224 161 16 1295 7 0 5321 4596 284 4462 2311 2388 
254
1461 4481 1558 4586 1588 4570 1761 4473 1780 4463 1791 4458 1824 4440 1837 4434 1846 4435 1852 4435 1852 4438 1862 4440 1867 4441 1877 4442 1891 4445 1905 4447 1976 4458 1990 4460 2004 4462 2084 4475 2092 4477 2123 4482 2170 4489 2200 4494 2227 4498 2270 4505 2276 4506 2282 4506 2285 4507 2286 4508 2288 4505 2337 4427 2426 4274 2428 4271 2547 4066 2573 4021 2596 3980 2598 3910 2601 3772 2604 3659 2710 3662 2726 3642 2757 3604 2821 3525 2821 3473 2820 3428 2820 3346 2820 3265 2820 3233 2573 3232 2449 3231 2288 3230 2085 3229 2029 3229 1975 3229 1955 3229 1773 3227 1666 3125 1611 3072 1576 3040 1537 3002 1459 2930 1451 2923 1448 2920 1423 2899 1388 2867 1364 2846 1339 2866 1299 2899 1288 2908 1286 2910 1283 2913 1260 2932 1235 2953 1207 2977 1144 3031 1142 3029 1042 2934 1036 2928 1033 2926 1034 2923 1035 2921 1036 2918 1040 2909 1040 2907 1044 2897 1046 2893 1048 2889 1050 2884 1053 2878 1054 2876 1055 2867 1058 2860 1059 2857 1060 2850 1058 2844 1057 2839 1054 2831 1053 2828 1047 2817 1044 2808 1044 2805 1042 2793 1033 2785 1021 2775 1018 2774 1004 2770 989 2765 981 2767 972 2769 948 2775 947 2775 945 2776 937 2778 935 2779 925 2782 918 2790 907 2801 896 2819 894 2832 893 2846 896 2863 898 2865 904 2873 932 2888 959 2897 967 2902 973 2905 981 2910 988 2916 987 2923 984 2926 948 2967 944 2970 918 2993 903 3013 893 3029 873 3056 831 3094 827 3100 809 3120 803 3127 805 3130 834 3156 832 3158 827 3164 817 3176 812 3183 798 3177 765 3175 742 3202 737 3222 745 3230 736 3244 729 3246 726 3250 722 3256 721 3260 715 3270 711 3288 722 3302 731 3309 741 3319 741 3332 741 3349 741 3366 739 3381 738 3385 737 3405 735 3418 733 3427 725 3439 723 3445 721 3448 717 3453 710 3457 699 3459 688 3458 677 3458 670 3458 660 3456 653 3455 646 3461 637 3466 626 3466 621 3462 615 3461 604 3461 599 3463 587 3466 581 3467 572 3465 568 3462 566 3461 563 3461 554 3459 550 3459 539 3460 535 3461 539 3473 538 3483 546 3510 548 3512 549 3517 554 3525 558 3535 558 3546 558 3554 557 3567 559 3577 558 3584 565 3593 571 3601 580 3625 585 3640 590 3654 593 3672 602 3690 606 3708 606 3724 616 3740 638 3755 648 3763 658 3772 671 3788 683 3803 696 3820 701 3831 706 3841 707 3845 761 3882 769 3901 805 3935 832 3948 852 3961 881 3970 892 3977 910 3989 935 4003 955 4012 975 4021 988 4025 1001 4032 1006 4034 1028 4047 1042 4058 1089 4050 1165 4119 1187 4138 1186 4188 1189 4190 1205 4202 1249 4250 1461 4481
Emdeni 16571 17868 2995 2913 3274 3453 3756 3694 3160 2701 2151 1398 1013 1091 1044 795 522 273 150 56 34439 1064 2703 1576 9792 5562 1108 8233 5279 35 13 466 1521 386 465 56 10 3 6452 6134 209 5993 2657 2640 
145
6888 4363 6900 4381 6982 4500 6999 4522 7061 4606 7112 4675 7133 4702 7158 4739 7208 4811 7240 4773 7342 4651 7385 4598 7395 4585 7415 4552 7430 4521 7436 4506 7461 4442 7464 4433 7506 4318 7549 4199 7580 4113 7622 4008 7643 3958 7662 3921 7700 3866 7760 3779 7782 3725 7819 3631 7859 3541 7861 3537 7862 3535 7874 3505 7875 3502 7877 3500 7923 3410 7987 3283 8006 3245 8007 3243 8013 3231 8058 3140 8061 3132 8069 3112 8095 3027 8101 3009 8119 2951 8150 2873 8178 2785 8202 2614 8229 2528 8238 2500 8248 2470 8250 2463 8252 2418 8228 2297 8166 2286 8144 2282 8127 2277 8111 2277 8103 2281 8100 2282 8096 2287 8057 2328 8037 2349 8008 2341 7991 2337 7928 2316 7851 2304 7803 2298 7770 2297 7715 2298 7661 2297 7659 2298 7657 2298 7646 2300 7574 2312 7523 2321 7470 2330 7464 2332 7443 2335 7441 2335 7435 2335 7428 2334 7406 2335 7396 2335 7306 2333 6995 2328 6987 2328 6918 2328 6898 2346 6882 2362 6870 2374 6859 2385 6849 2396 6847 2394 6839 2401 6826 2412 6822 2416 6821 2424 6791 2469 6789 2475 6787 2485 6798 2489 6805 2491 6794 2512 6787 2537 6786 2550 6786 2580 6784 2608 6787 2644 6784 2665 6783 2670 6783 2679 6784 2685 6792 2694 6812 2716 6821 2725 6844 2752 6778 2800 6766 2805 6753 2812 6681 2842 6671 2825 6658 2799 6634 2751 6636 2697 6417 2744 6385 2751 6274 2775 6292 2845 6312 2924 6317 2942 6339 3031 6358 3108 6358 3110 6359 3112 6383 3215 6416 3324 6472 3560 6521 3853 6530 3866 6667 4056 6738 4156 6787 4222 6860 4323 6888 4363
Jabavu 19904 22073 3342 3338 3679 4102 4628 4658 3726 3045 2742 2284 1849 1269 939 738 612 480 358 189 41978 2026 3585 2164 12548 6138 1056 10317 7116 61 17 452 1359 1058 96 152 3 0 7751 7034 272 7324 2994 2660 
159
5520 5027 5522 5036 5791 5071 5704 5028 5656 4974 5635 4902 5641 4790 5644 4724 5646 4681 5732 4581 5834 4462 5835 4460 5839 4455 5847 4446 5860 4430 6031 4230 6120 4289 6159 4244 6231 4188 6299 4201 6385 4210 6682 4242 6787 4222 6738 4156 6667 4056 6530 3866 6521 3853 6491 3813 6477 3794 6445 3747 6443 3743 6441 3741 6429 3725 6426 3721 6411 3701 6405 3692 6380 3659 6345 3611 6319 3577 6309 3563 6237 3462 6219 3437 6125 3304 6068 3225 5999 3264 5921 3161 5984 3133 5977 3123 5940 3074 5923 3041 5900 3007 5853 2923 5838 2901 5807 2859 5751 2782 5722 2742 5657 2654 5558 2512 5540 2489 5478 2409 5443 2370 5398 2331 5344 2290 5328 2280 5274 2248 5248 2235 5206 2355 5189 2409 5165 2484 5141 2560 5136 2577 5128 2612 5108 2704 5105 2714 5099 2745 5091 2796 5075 2900 5062 2990 5053 3054 5053 3131 5054 3139 5054 3193 4996 3191 4997 3245 4793 3243 4749 3243 4704 3242 4700 3243 4705 3277 4726 3462 4729 3488 4735 3545 4737 3572 4733 3607 4730 3634 4717 3686 4698 3730 4657 3811 4638 3846 4630 3859 4627 3865 4606 3903 4547 4053 4535 4060 4529 4098 4523 4148 4519 4154 4517 4157 4522 4172 4525 4177 4527 4181 4534 4194 4540 4206 4564 4248 4397 4275 4409 4330 4419 4376 4393 4402 4373 4421 4286 4504 4285 4506 4287 4523 4244 4563 4220 4586 4217 4589 4203 4602 4192 4613 4184 4622 4166 4637 4159 4643 4151 4650 4134 4666 4124 4674 4111 4687 4090 4703 4099 4714 4094 4753 4093 4761 4088 4794 4081 4837 4091 4839 4126 4843 4311 4872 4345 4877 4412 4888 4430 4891 4526 4906 4578 4915 4610 4918 4691 4933 4739 4936 4760 4933 4865 4928 4939 4939 4995 4949 5015 4952 5042 4955 5068 4959 5520 5027
Jabulani 10426 10110 1694 1509 1639 1871 2521 2491 1918 1659 1490 1106 732 472 393 393 308 185 112 42 20535 1271 1779 995 5834 3263 680 5845 2848 10 488 48 615 398 34 1402 3 0 4242 3576 158 3471 1586 1975 
150
10472 3125 10601 3263 10628 3291 10632 3296 10670 3338 10693 3364 10750 3319 10809 3301 10846 3289 10864 3241 10913 3206 10984 3133 11009 3116 11025 3110 11041 3110 11051 3110 11057 3104 11068 3104 11072 3108 11082 3107 11094 3109 11111 3105 11129 3097 11137 3086 11132 3083 11110 3070 11073 3044 10952 2956 10908 2926 10906 2924 10911 2921 10924 2909 10942 2895 10957 2885 10962 2880 10977 2873 10996 2864 11001 2862 11008 2858 11021 2853 11037 2842 11065 2829 11082 2822 11090 2818 11093 2817 11104 2812 11126 2801 11136 2797 11214 2761 11239 2743 11263 2720 11267 2715 11290 2690 11347 2627 11411 2556 11410 2556 11407 2554 11400 2551 11394 2547 11396 2542 11399 2538 11458 2438 11475 2412 11492 2384 11502 2367 11506 2360 11509 2356 11515 2350 11516 2347 11520 2342 11523 2337 11529 2331 11531 2325 11534 2320 11538 2316 11540 2313 11542 2308 11545 2303 11547 2301 11549 2299 11549 2297 11553 2293 11556 2288 11558 2286 11560 2283 11562 2281 11563 2279 11564 2277 11569 2270 11574 2264 11576 2258 11577 2255 11580 2250 11582 2247 11583 2243 11585 2239 11587 2233 11589 2228 11591 2221 11597 2212 11608 2192 11617 2171 11506 2175 11349 2182 11185 2186 11168 2186 11158 2186 11116 2180 11045 2172 10843 2144 10791 2138 10737 2132 10478 2100 10366 2087 10102 2054 9870 2029 9750 2016 9657 2005 9597 1999 9563 1992 9497 1982 9374 1963 9342 1958 9352 1968 9405 2024 9440 2061 9509 2133 9570 2198 9614 2243 9678 2311 9810 2449 9921 2566 9999 2648 10020 2672 10050 2706 10089 2751 10103 2768 10110 2775 10193 2864 10195 2866 10227 2901 10252 2927 10318 2997 10320 2999 10323 3002 10330 3010 10356 3037 10429 3115 10453 3105 10472 3125
Klipspruit 6566 6863 1186 987 1067 1267 1590 1634 1168 1087 848 710 495 403 325 271 157 110 83 40 13428 495 1207 587 3738 2416 476 3632 1968 8 4 17 620 728 267 18 3 0 2631 2130 92 2018 824 880 
307
8533 1840 8532 1909 8531 1917 8528 1928 8513 1950 8501 1966 8490 1980 8483 1996 8479 2011 8464 2029 8455 2037 8448 2042 8438 2054 8436 2061 8432 2073 8430 2080 8429 2083 8425 2092 8429 2104 8430 2108 8430 2111 8431 2113 8432 2119 8435 2123 8446 2124 8460 2123 8466 2126 8475 2131 8476 2140 8477 2151 8482 2158 8489 2179 8488 2185 8488 2192 8486 2198 8482 2201 8474 2204 8464 2207 8460 2212 8458 2215 8457 2220 8454 2232 8456 2244 8461 2248 8470 2252 8478 2259 8484 2263 8487 2267 8487 2271 8486 2277 8486 2278 8485 2282 8483 2290 8480 2300 8479 2309 8478 2313 8471 2314 8456 2317 8469 2342 8480 2359 8497 2353 8506 2348 8514 2346 8524 2346 8529 2348 8534 2349 8546 2353 8557 2363 8568 2377 8570 2383 8577 2391 8578 2398 8583 2414 8590 2422 8595 2429 8599 2436 8608 2443 8612 2450 8618 2457 8625 2462 8631 2465 8638 2469 8644 2472 8656 2485 8658 2487 8666 2503 8672 2512 8686 2515 8696 2521 8704 2543 8714 2577 8724 2610 8725 2614 8728 2624 8732 2634 8739 2658 8734 2660 8717 2666 8737 2709 8719 2717 8737 2753 8749 2779 8721 2788 8742 2836 8764 2847 8815 2874 8863 2865 8910 2867 8913 2868 8941 2875 8970 2882 8983 2885 9089 2904 9111 2926 9144 2961 9173 2987 9167 3022 9199 3015 9238 2996 9275 2977 9329 2947 9347 2937 9365 2928 9370 2977 9371 2983 9381 3004 9385 3033 9375 3037 9359 3044 9352 3085 9345 3113 9336 3124 9334 3142 9326 3220 9342 3273 9340 3298 9345 3302 9357 3309 9368 3321 9351 3351 9357 3354 9376 3355 9420 3405 9436 3423 9441 3433 9452 3439 9473 3446 9498 3448 9506 3456 9509 3471 9537 3475 9545 3471 9551 3473 9565 3470 9609 3470 9625 3470 9656 3471 9674 3478 9690 3484 9692 3485 9703 3495 9707 3510 9742 3515 9777 3511 9785 3503 9800 3493 9821 3482 9836 3475 9850 3478 9854 3479 9874 3486 9883 3494 9887 3502 9904 3505 9924 3499 9943 3499 9950 3496 9963 3496 9980 3492 9997 3499 10018 3505 10029 3500 10048 3486 10060 3481 10065 3474 10081 3456 10099 3446 10126 3448 10148 3458 10162 3467 10174 3483 10183 3502 10186 3514 10195 3519 10209 3524 10219 3528 10229 3519 10245 3522 10257 3525 10267 3530 10280 3534 10293 3539 10309 3545 10330 3546 10342 3547 10362 3557 10388 3560 10404 3559 10428 3555 10441 3558 10469 3562 10495 3580 10517 3591 10527 3602 10536 3622 10560 3654 10573 3670 10616 3752 10614 3764 10610 3784 10603 3811 10592 3841 10627 3874 10635 3882 10656 3904 10663 3912 10684 3937 10694 3949 10695 3951 10716 3978 10721 3983 10741 4008 10771 4046 10799 4029 10801 4028 10827 4015 10849 4028 10885 4048 10892 4054 10909 4019 10925 3956 10947 3895 10949 3890 10965 3866 10996 3841 11047 3809 10953 3690 10863 3577 10844 3582 10798 3573 10788 3573 10777 3573 10695 3605 10625 3494 10676 3464 10727 3452 10758 3437 10693 3364 10670 3338 10632 3296 10628 3291 10601 3263 10472 3125 10453 3105 10429 3115 10356 3037 10330 3010 10323 3002 10320 2999 10318 2997 10252 2927 10227 2901 10195 2866 10193 2864 10110 2775 10103 2768 10089 2751 10050 2706 10020 2672 9999 2648 9921 2566 9810 2449 9678 2311 9614 2243 9570 2198 9509 2133 9440 2061 9405 2024 9352 1968 9342 1958 9310 1955 9267 1950 9202 1943 9160 1939 9108 1934 9093 1932 9088 1931 9061 1927 9057 1927 8935 1908 8895 1902 8849 1894 8786 1883 8756 1879 8686 1867 8663 1863 8533 1840
Klipspruit_Ext 4614 3228 615 454 441 618 1144 1277 876 658 530 463 357 176 116 50 36 17 11 3 7842 823 883 409 2076 1402 122 2323 1796 59 5 8 63 47 285 51 0 8 1374 969 49 886 342 467 
198
5012 2105 5260 2196 5290 2102 5292 2095 5366 1869 5396 1778 5405 1750 5427 1682 5454 1600 5358 1575 5346 1571 5297 1558 5223 1539 5168 1524 5156 1518 5153 1516 5147 1513 5090 1461 4996 1366 4856 1225 4730 1101 4700 1072 4633 1005 4539 911 4738 795 4914 693 4871 628 4828 456 4813 429 4808 421 4805 416 4804 414 4792 398 4774 378 4742 347 4698 306 4694 303 4657 266 4586 196 4211 512 4209 515 4206 518 4170 556 4164 560 4135 586 4080 633 4018 685 3977 722 3887 796 3869 811 3861 818 3875 860 3822 877 3816 879 3842 956 3853 988 3809 999 3803 1003 3795 1006 3786 1004 3774 1004 3759 1004 3747 1005 3736 1006 3724 1008 3713 1008 3706 1007 3690 1009 3679 1012 3658 1023 3646 1028 3636 1031 3621 1034 3612 1035 3602 1040 3593 1044 3586 1044 3575 1044 3566 1044 3560 1039 3557 1036 3550 1032 3546 1031 3538 1030 3539 1035 3548 1046 3554 1053 3556 1066 3556 1077 3562 1087 3568 1095 3565 1101 3562 1107 3559 1120 3560 1123 3560 1130 3563 1135 3566 1138 3569 1143 3572 1155 3573 1169 3580 1180 3577 1201 3573 1216 3572 1220 3571 1225 3569 1232 3569 1234 3568 1242 3575 1240 3577 1239 3583 1235 3594 1244 3598 1254 3601 1259 3601 1261 3603 1308 3604 1312 3607 1321 3607 1333 3603 1349 3602 1356 3599 1373 3599 1378 3595 1389 3592 1401 3595 1421 3592 1428 3584 1431 3583 1438 3590 1448 3593 1453 3599 1463 3601 1472 3604 1484 3609 1506 3608 1511 3607 1515 3606 1521 3606 1526 3609 1533 3611 1540 3611 1547 3612 1555 3612 1558 3612 1560 3615 1580 3618 1589 3622 1610 3620 1625 3728 1665 3838 1707 3926 1738 4023 1775 4027 1769 4030 1764 4032 1761 4034 1755 4036 1751 4037 1748 4040 1743 4043 1738 4046 1737 4050 1736 4054 1741 4056 1743 4061 1745 4065 1748 4070 1748 4074 1749 4076 1748 4080 1748 4087 1749 4091 1750 4095 1750 4099 1751 4104 1753 4110 1755 4113 1756 4117 1757 4120 1758 4126 1761 4134 1764 4138 1765 4263 1810 4288 1818 4309 1826 4313 1826 4323 1832 4329 1834 4375 1852 4400 1863 4589 1933 4610 1940 4628 1948 4636 1952 4863 2051 5012 2105
Mapetla 11829 11545 1698 1658 1830 2020 2752 2982 2342 1834 1521 1115 832 683 757 588 351 213 122 73 23371 994 1690 1035 6969 4686 792 7006 3968 32 26 25 1627 314 33 969 10 0 4999 4164 178 4250 2149 2005 
169
7904 4980 8052 5168 8075 5192 8084 5197 8131 5223 8137 5206 8145 5193 8154 5187 8159 5182 8169 5176 8181 5168 8198 5158 8202 5149 8208 5141 8214 5132 8218 5120 8224 5112 8233 5106 8244 5101 8249 5093 8254 5088 8260 5085 8266 5085 8271 5081 8274 5078 8279 5071 8296 5061 8313 5051 8322 5042 8334 5036 8353 5022 8357 5019 8362 4998 8375 4977 8386 4969 8396 4950 8362 4918 8361 4910 8356 4892 8367 4880 8390 4856 8395 4811 8404 4769 8403 4700 8400 4681 8397 4651 8398 4645 8415 4538 8491 4572 8493 4544 8484 4516 8483 4509 8482 4497 8481 4471 8491 4454 8491 4432 8488 4404 8491 4376 8498 4338 8501 4318 8523 4196 8538 4156 8538 4150 8536 4116 8549 4093 8564 4067 8578 4043 8574 4001 8589 3966 8598 3938 8602 3926 8622 3887 8628 3877 8650 3844 8658 3819 8668 3785 8685 3731 8691 3668 8678 3535 8675 3495 8672 3490 8668 3486 8659 3484 8651 3479 8641 3473 8633 3460 8630 3450 8627 3438 8630 3412 8640 3385 8645 3368 8650 3356 8662 3349 8673 3349 8684 3343 8693 3338 8700 3327 8714 3323 8724 3309 8730 3304 8744 3291 8746 3288 8752 3281 8815 3269 8857 3249 8856 3233 8875 3124 8876 3118 8881 3089 8883 3074 8886 3054 8886 3052 8887 3049 8882 3049 8835 3051 8771 3053 8769 3053 8764 3053 8710 3056 8638 3060 8589 3063 8586 3063 8583 3063 8464 3037 8425 3027 8389 3018 8285 2992 8119 2951 8101 3009 8095 3027 8069 3112 8061 3132 8058 3140 8013 3231 8007 3243 8006 3245 7987 3283 7923 3410 7877 3500 7875 3502 7874 3505 7862 3535 7861 3537 7859 3541 7819 3631 7782 3725 7760 3779 7700 3866 7662 3921 7643 3958 7622 4008 7580 4113 7549 4199 7506 4318 7464 4433 7461 4442 7436 4506 7455 4517 7485 4538 7496 4547 7526 4572 7559 4599 7600 4635 7611 4647 7658 4700 7698 4744 7734 4785 7770 4826 7904 4980
Mofolo_Central 7700 8600 1353 1146 1291 1452 1733 1838 1395 1277 1133 964 670 422 410 362 369 266 155 63 16299 458 1119 530 4578 3532 841 4301 2669 36 4 225 768 176 395 26 3 0 3398 3096 146 3100 1575 1431 
102
7048 5833 7045 5843 7046 5883 7056 5915 7081 6003 7098 6070 7118 6150 7259 6061 7356 6004 7429 5960 7431 5959 7596 5897 7679 5866 7639 5830 7634 5823 7621 5815 7628 5788 7630 5776 7641 5764 7651 5749 7660 5737 7669 5726 7684 5722 7696 5711 7711 5701 7717 5693 7730 5678 7737 5663 7806 5678 7845 5676 7891 5671 7938 5658 7984 5649 8003 5644 8047 5636 8109 5630 8165 5633 8169 5580 8191 5576 8232 5567 8319 5545 8378 5518 8467 5466 8528 5413 8591 5345 8624 5291 8663 5225 8598 5184 8581 5168 8542 5131 8535 5136 8501 5165 8450 5209 8370 5230 8356 5234 8335 5233 8245 5226 8200 5222 8172 5242 8131 5223 8084 5197 8075 5192 8052 5168 7904 4980 7770 4826 7734 4785 7698 4744 7658 4700 7611 4647 7600 4635 7559 4599 7526 4572 7496 4547 7485 4538 7455 4517 7436 4506 7430 4521 7415 4552 7395 4585 7385 4598 7342 4651 7240 4773 7208 4811 7179 4846 7176 4850 7103 4937 7055 5012 6983 5150 6944 5247 6941 5264 6936 5285 6935 5325 6943 5381 6965 5462 6974 5504 6977 5538 6977 5550 6972 5583 6988 5586 7026 5738 7049 5829 7048 5833
Mofolo_North 7669 7841 1292 1210 1271 1439 1831 1886 1424 1257 1028 795 534 341 337 319 234 168 101 40 15507 966 1149 660 4435 2556 530 4183 1923 27 3 12 1511 517 59 130 0 0 3159 2881 104 2631 1164 1308 
150
8710 3056 8764 3053 8769 3053 8771 3053 8835 3051 8882 3049 8887 3049 8889 3049 8939 3048 9098 3037 9108 3036 9138 3029 9167 3022 9173 2987 9144 2961 9111 2926 9089 2904 8983 2885 8970 2882 8941 2875 8913 2868 8910 2867 8863 2865 8815 2874 8764 2847 8742 2836 8721 2788 8749 2779 8737 2753 8719 2717 8737 2709 8717 2666 8734 2660 8739 2658 8732 2634 8728 2624 8725 2614 8724 2610 8714 2577 8704 2543 8696 2521 8686 2515 8672 2512 8666 2503 8658 2487 8656 2485 8644 2472 8638 2469 8631 2465 8625 2462 8618 2457 8612 2450 8608 2443 8599 2436 8595 2429 8590 2422 8583 2414 8578 2398 8577 2391 8570 2383 8568 2377 8557 2363 8546 2353 8534 2349 8529 2348 8524 2346 8514 2346 8506 2348 8497 2353 8480 2359 8469 2342 8456 2317 8471 2314 8478 2313 8479 2309 8480 2300 8483 2290 8485 2282 8486 2278 8486 2277 8487 2271 8487 2267 8484 2263 8478 2259 8470 2252 8461 2248 8456 2244 8454 2232 8457 2220 8458 2215 8460 2212 8464 2207 8474 2204 8482 2201 8486 2198 8488 2192 8488 2185 8489 2179 8482 2158 8477 2151 8476 2140 8475 2131 8466 2126 8460 2123 8446 2124 8435 2123 8432 2119 8431 2113 8430 2111 8430 2108 8429 2104 8425 2092 8429 2083 8430 2080 8432 2073 8436 2061 8438 2054 8448 2042 8455 2037 8464 2029 8479 2011 8483 1996 8490 1980 8501 1966 8513 1950 8528 1928 8531 1917 8532 1909 8533 1840 8263 1803 8145 1787 8228 2297 8252 2418 8250 2463 8248 2470 8238 2500 8229 2528 8202 2614 8178 2785 8150 2873 8119 2951 8285 2992 8389 3018 8425 3027 8464 3037 8583 3063 8586 3063 8589 3063 8638 3060 8710 3056
Mofolo_South 3304 3344 558 502 579 644 776 769 533 541 516 313 230 158 124 126 110 90 59 19 6647 645 474 292 1815 939 200 1626 930 8 8 10 549 98 11 12 0 0 1168 1116 44 1161 494 459 
81
6125 3304 6219 3437 6237 3462 6309 3563 6319 3577 6345 3611 6380 3659 6405 3692 6411 3701 6426 3721 6429 3725 6441 3741 6443 3743 6445 3747 6477 3794 6491 3813 6521 3853 6472 3560 6416 3324 6383 3215 6359 3112 6358 3110 6358 3108 6339 3031 6317 2942 6312 2924 6292 2845 6274 2775 6222 2575 6158 2323 6143 2267 6141 2258 6120 2174 6108 2127 6021 1784 6000 1699 5984 1637 5950 1503 5904 1321 5708 1338 5697 1339 5633 1357 5577 1386 5559 1400 5525 1435 5513 1450 5497 1481 5484 1507 5458 1586 5454 1600 5427 1682 5405 1750 5396 1778 5366 1869 5292 2095 5290 2102 5260 2196 5248 2235 5274 2248 5328 2280 5344 2290 5398 2331 5443 2370 5478 2409 5540 2489 5558 2512 5657 2654 5722 2742 5751 2782 5807 2859 5838 2901 5853 2923 5900 3007 5923 3041 5940 3074 5977 3123 5984 3133 5921 3161 5999 3264 6068 3225 6125 3304
Molapo 7725 8438 1278 1280 1355 1550 1854 1847 1465 1192 1035 892 617 483 363 330 270 194 116 42 16163 688 946 604 4901 3030 531 3975 2581 16 8 13 1046 223 9 81 0 0 3183 2897 137 2971 1313 1337 
87
4700 3243 4704 3242 4749 3243 4793 3243 4997 3245 4996 3191 5054 3193 5054 3139 5053 3131 5053 3054 5062 2990 5075 2900 5091 2796 5099 2745 5105 2714 5108 2704 5128 2612 5136 2577 5141 2560 5165 2484 5189 2409 5206 2355 5248 2235 5260 2196 5012 2105 4863 2051 4636 1952 4628 1948 4610 1940 4589 1933 4400 1863 4375 1852 4329 1834 4323 1832 4313 1826 4309 1826 4288 1818 4263 1810 4138 1765 4134 1764 4129 1771 4129 1778 4130 1781 4125 1783 4117 1788 4114 1794 4113 1801 4111 1806 4106 1811 4101 1822 4095 1824 4093 1828 4092 1830 4088 1833 4086 1836 4088 1837 4126 1852 4155 1860 4177 1866 4194 1873 4216 1881 4225 1890 4233 1897 4232 1904 4255 1912 4268 1918 4295 1927 4295 1929 4292 1973 4290 2002 4282 2113 4279 2253 4276 2303 4271 2425 4270 2444 4269 2488 4266 2582 4263 2660 4263 2679 4253 2906 4246 3093 4244 3140 4242 3187 4240 3241 4458 3242 4465 3243 4700 3243
Moletsane 6454 7151 1048 1022 1150 1291 1456 1528 1289 1072 924 660 476 352 344 371 311 176 85 52 13607 822 760 375 3461 3028 648 3187 1792 12 15 23 1147 140 13 39 7 0 2651 2447 125 2502 1216 1047 
117
6222 2575 6274 2775 6385 2751 6417 2744 6636 2697 6634 2751 6658 2799 6671 2825 6681 2842 6753 2812 6766 2805 6778 2800 6844 2752 6821 2725 6812 2716 6792 2694 6784 2685 6783 2679 6783 2670 6784 2665 6787 2644 6784 2608 6786 2580 6786 2550 6787 2537 6794 2512 6805 2491 6798 2489 6787 2485 6789 2475 6791 2469 6821 2424 6822 2416 6826 2412 6839 2401 6847 2394 6849 2396 6859 2385 6870 2374 6882 2362 6898 2346 6918 2328 6987 2328 6995 2328 7306 2333 7396 2335 7406 2335 7428 2334 7435 2335 7441 2335 7443 2335 7464 2332 7470 2330 7523 2321 7574 2312 7646 2300 7657 2298 7659 2298 7661 2297 7715 2298 7770 2297 7803 2298 7851 2304 7928 2316 7991 2337 8008 2341 8037 2349 8057 2328 8096 2287 8100 2282 8103 2281 8111 2277 8127 2277 8144 2282 8166 2286 8228 2297 8145 1787 8111 1786 7987 1772 7928 1763 7876 1752 7821 1736 7775 1719 7763 1714 7711 1692 7657 1664 7645 1658 7574 1609 7559 1600 7508 1559 7445 1498 7435 1485 7358 1386 7307 1303 7264 1236 7257 1225 7144 1228 6970 1240 6938 1243 6795 1254 6708 1260 6441 1281 6264 1294 6156 1302 6046 1311 6036 1311 5904 1321 5950 1503 5984 1637 6000 1699 6021 1784 6108 2127 6120 2174 6141 2258 6143 2267 6158 2323 6222 2575
Moroka 9198 10369 1390 1425 1560 1790 2131 2168 1662 1441 1290 1111 922 673 668 526 307 227 163 114 19568 1007 1096 605 5486 4237 971 4992 3675 31 14 24 964 183 14 84 0 0 4039 3995 318 4087 2106 1934 
266
2820 3233 3114 3235 3354 3236 3371 3236 3494 3238 3490 3225 3482 3213 3475 3211 3468 3199 3461 3182 3450 3172 3441 3164 3438 3151 3428 3140 3428 3131 3423 3120 3419 3106 3415 3102 3422 3093 3425 3078 3430 3066 3429 3057 3424 3043 3424 3029 3427 3016 3425 2996 3430 2985 3423 2976 3416 2966 3418 2947 3431 2931 3432 2917 3421 2910 3420 2898 3417 2880 3409 2851 3402 2838 3400 2811 3397 2796 3393 2794 3394 2787 3391 2779 3385 2759 3385 2754 3388 2730 3384 2718 3378 2714 3358 2698 3357 2696 3356 2695 3355 2694 3356 2693 3358 2691 3359 2691 3366 2690 3371 2687 3372 2685 3371 2683 3370 2679 3370 2677 3371 2673 3367 2668 3364 2667 3362 2664 3360 2660 3358 2658 3355 2655 3355 2654 3352 2650 3353 2647 3354 2645 3356 2643 3360 2642 3363 2642 3366 2642 3367 2640 3367 2635 3366 2632 3366 2627 3363 2622 3361 2619 3360 2613 3363 2608 3365 2602 3363 2595 3364 2582 3365 2570 3357 2564 3359 2559 3364 2545 3360 2537 3362 2530 3363 2520 3365 2513 3366 2507 3363 2495 3363 2477 3360 2463 3358 2462 3362 2453 3375 2431 3391 2411 3397 2399 3400 2394 3404 2390 3407 2384 3406 2378 3409 2372 3413 2364 3419 2359 3421 2361 3424 2359 3425 2350 3441 2316 3452 2295 3455 2283 3458 2276 3463 2272 3469 2273 3472 2271 3478 2260 3476 2256 3482 2247 3486 2239 3488 2237 3494 2220 3494 2186 3494 2179 3492 2173 3493 2136 3490 2123 3490 2118 3489 2113 3491 2111 3493 2105 3493 2089 3489 2085 3491 2077 3497 2069 3502 2066 3505 2058 3509 2047 3515 2036 3519 2028 3524 2021 3534 2013 3538 2005 3542 1997 3548 1992 3552 1990 3556 1988 3555 1982 3557 1973 3562 1967 3567 1959 3572 1948 3592 1913 3602 1894 3600 1874 3600 1867 3603 1864 3606 1860 3628 1843 3631 1830 3639 1812 3644 1808 3648 1801 3649 1793 3645 1784 3640 1780 3634 1778 3628 1772 3626 1765 3628 1757 3630 1753 3629 1744 3629 1738 3626 1734 3625 1728 3625 1723 3625 1716 3623 1707 3621 1700 3617 1686 3617 1680 3618 1672 3618 1669 3617 1663 3612 1653 3606 1645 3606 1636 3620 1625 3537 1594 3493 1578 3427 1555 3416 1552 3362 1539 3314 1531 3295 1527 3290 1527 3279 1525 3235 1521 3225 1520 3217 1520 3174 1520 3135 1519 3105 1522 3055 1527 3045 1528 3011 1533 3008 1533 2974 1543 2920 1557 2890 1566 2815 1595 2801 1600 2799 1601 2770 1617 2732 1638 2686 1668 2643 1698 2641 1699 2632 1706 2588 1740 2547 1769 2496 1812 2405 1889 2359 1931 2356 1933 2354 1935 2234 2039 2074 2168 2109 2198 2107 2200 2090 2222 2076 2244 2069 2262 2061 2279 1965 2360 1946 2376 1908 2410 1892 2424 1869 2444 1729 2568 1609 2675 1553 2724 1545 2731 1431 2830 1388 2867 1423 2899 1448 2920 1451 2923 1459 2930 1537 3002 1576 3040 1611 3072 1666 3125 1773 3227 1955 3229 1975 3229 2029 3229 2085 3229 2288 3230 2449 3231 2573 3232 2820 3233
Naledi_Ext_1 17145 18293 2741 2643 3069 3399 3934 3763 3437 2892 2253 1648 1158 1117 1079 854 709 359 270 114 35439 2423 2590 1341 9423 6264 1545 8535 6416 44 16 113 1439 413 48 35 5 6 6649 6319 204 6477 3094 2615 
151
1042 2934 1142 3029 1144 3031 1207 2977 1235 2953 1260 2932 1283 2913 1286 2910 1288 2908 1299 2899 1339 2866 1364 2846 1388 2867 1431 2830 1545 2731 1553 2724 1609 2675 1729 2568 1869 2444 1892 2424 1908 2410 1946 2376 1965 2360 2061 2279 2069 2262 2076 2244 2090 2222 2107 2200 2109 2198 2074 2168 2234 2039 2354 1935 2356 1933 2359 1931 2405 1889 2496 1812 2547 1769 2258 1573 2207 1538 2037 1425 1974 1492 1888 1583 1922 1602 1903 1618 1889 1645 1642 1916 1629 1931 1521 2031 1519 2029 1493 2004 1410 2045 1320 2069 1308 2069 1287 2106 1271 2134 1256 2143 1246 2148 1232 2164 1220 2174 1206 2184 1193 2194 1181 2206 1171 2214 1160 2223 1151 2231 1138 2237 1125 2247 1114 2258 1105 2267 1101 2272 1088 2286 1082 2290 1073 2293 1061 2298 1057 2301 1050 2310 1039 2318 1029 2323 1022 2327 1020 2333 1014 2348 1012 2353 1003 2368 1001 2379 1007 2393 999 2397 992 2404 991 2411 991 2413 990 2458 990 2488 992 2493 994 2496 994 2498 991 2500 985 2501 985 2505 987 2525 990 2543 992 2544 992 2550 993 2565 992 2580 990 2618 991 2631 992 2641 988 2661 990 2678 972 2703 925 2775 923 2778 921 2781 925 2782 935 2779 937 2778 945 2776 947 2775 948 2775 972 2769 981 2767 989 2765 1004 2770 1018 2774 1021 2775 1033 2785 1042 2793 1044 2805 1044 2808 1047 2817 1053 2828 1054 2831 1057 2839 1058 2844 1060 2850 1059 2857 1058 2860 1055 2867 1054 2876 1053 2878 1050 2884 1048 2889 1046 2893 1044 2897 1040 2907 1040 2909 1036 2918 1035 2921 1034 2923 1033 2926 1036 2928 1042 2934
Naledi_Ext_2 3218 3622 523 523 648 767 879 740 462 329 461 548 419 265 127 59 50 18 7 14 6839 125 319 203 1701 1444 587 1762 1618 34 3 3 65 28 6 4 3 0 1482 1421 109 1533 877 809 
261
11047 3809 10996 3841 10965 3866 10949 3890 10947 3895 10925 3956 10909 4019 10931 4042 10956 4068 10972 4084 11004 4135 11020 4176 11050 4307 11117 4593 11129 4635 11155 4687 11196 4745 11205 4754 11235 4787 11261 4810 11325 4852 11359 4868 11475 4916 11491 4923 11546 4945 11643 4987 11710 5025 11790 5069 11887 5146 12064 5290 12145 5360 12156 5371 12226 5425 12278 5463 12318 5490 12391 5532 12461 5574 12558 5630 12562 5632 12563 5633 12625 5576 12639 5585 12641 5583 12649 5575 12652 5572 12669 5556 12875 5369 12948 5301 13057 5200 13184 5086 13279 4997 13304 4974 13393 4890 13465 4829 13535 4778 13527 4766 13519 4752 13521 4739 13531 4721 13515 4714 13505 4706 13499 4699 13493 4689 13487 4670 13277 4043 13269 4019 13183 3759 13100 3507 13033 3308 12966 3105 12913 2953 12912 2949 12911 2941 12883 2854 12865 2799 12859 2796 12851 2796 12837 2801 12827 2804 12793 2822 12787 2816 12785 2811 12782 2804 12777 2799 12772 2797 12765 2797 12756 2799 12747 2801 12743 2802 12741 2801 12737 2801 12733 2804 12731 2807 12726 2813 12721 2816 12713 2819 12706 2821 12699 2823 12687 2828 12678 2830 12671 2832 12664 2833 12662 2833 12657 2835 12653 2836 12645 2837 12632 2839 12618 2839 12614 2839 12607 2838 12602 2837 12594 2837 12583 2836 12573 2837 12549 2836 12532 2837 12529 2837 12508 2839 12481 2844 12463 2849 12453 2852 12432 2858 12417 2859 12408 2860 12439 2792 12454 2766 12478 2723 12492 2698 12514 2642 12516 2638 12591 2441 12663 2240 12674 2205 12675 2195 12675 2192 12673 2192 12618 2187 12540 2180 12395 2165 12328 2157 12282 2152 12247 2150 12204 2149 12183 2148 12073 2153 11988 2156 11985 2156 11978 2156 11824 2163 11756 2166 11751 2166 11697 2168 11617 2171 11608 2192 11597 2212 11591 2221 11589 2228 11587 2233 11585 2239 11583 2243 11582 2247 11580 2250 11577 2255 11576 2258 11574 2264 11569 2270 11564 2277 11563 2279 11562 2281 11560 2283 11558 2286 11556 2288 11553 2293 11549 2297 11549 2299 11547 2301 11545 2303 11542 2308 11540 2313 11538 2316 11534 2320 11531 2325 11529 2331 11523 2337 11520 2342 11516 2347 11515 2350 11509 2356 11506 2360 11502 2367 11492 2384 11475 2412 11458 2438 11399 2538 11396 2542 11394 2547 11400 2551 11407 2554 11410 2556 11411 2556 11347 2627 11290 2690 11267 2715 11263 2720 11239 2743 11214 2761 11136 2797 11126 2801 11104 2812 11093 2817 11090 2818 11082 2822 11065 2829 11037 2842 11021 2853 11008 2858 11001 2862 10996 2864 10977 2873 10962 2880 10957 2885 10942 2895 10924 2909 10911 2921 10906 2924 10908 2926 10952 2956 11073 3044 11110 3070 11132 3083 11137 3086 11129 3097 11111 3105 11094 3109 11082 3107 11072 3108 11068 3104 11057 3104 11051 3110 11041 3110 11025 3110 11009 3116 10984 3133 10913 3206 10864 3241 10846 3289 10809 3301 10750 3319 10693 3364 10758 3437 10727 3452 10676 3464 10625 3494 10695 3605 10777 3573 10788 3573 10798 3573 10844 3582 10863 3577 10953 3690 11047 3809
Orlando_East 32891 33394 6205 4573 4374 5094 7996 8906 6892 5677 4414 3653 2798 1904 1431 919 587 390 265 206 66284 2888 6389 3554 20059 11299 1848 21781 7016 146 65 51 2262 10991 1010 216 23 3 15664 11210 403 9869 4059 6140 
154
10230 5419 10313 5658 10400 5920 10415 5967 10428 6009 10465 6125 10511 6270 10521 6303 10554 6309 10555 6324 10555 6328 10546 6348 10539 6364 10566 6374 10577 6375 10603 6377 10637 6373 10671 6361 10674 6360 10784 6308 10860 6270 10911 6244 10945 6230 10973 6220 10991 6215 11043 6200 11092 6191 11139 6187 11156 6187 11225 6187 11285 6192 11287 6192 11385 6196 11492 6202 11568 6206 11634 6209 11660 6209 11682 6207 11694 6205 11700 6204 11707 6202 11713 6200 11754 6163 11851 6076 11950 5987 11964 5974 12031 5911 12035 5906 12044 5898 12060 5882 12084 5859 12090 5854 12112 5851 12150 5847 12185 5844 12277 5899 12416 5771 12563 5633 12562 5632 12558 5630 12461 5574 12391 5532 12318 5490 12278 5463 12226 5425 12156 5371 12145 5360 12064 5290 11887 5146 11790 5069 11710 5025 11643 4987 11546 4945 11491 4923 11475 4916 11359 4868 11325 4852 11261 4810 11235 4787 11205 4754 11196 4745 11155 4687 11129 4635 11117 4593 11050 4307 11020 4176 11004 4135 10972 4084 10956 4068 10931 4042 10909 4019 10892 4054 10885 4048 10849 4028 10827 4015 10801 4028 10799 4029 10771 4046 10741 4008 10721 3983 10716 3978 10695 3951 10694 3949 10684 3937 10663 3912 10656 3904 10635 3882 10627 3874 10584 3910 10573 3907 10566 3902 10492 3838 10435 3945 10390 3933 10373 3936 10353 3932 10346 3929 10341 3928 10329 3924 10321 3917 10292 3909 10272 3901 10144 3937 10124 3942 10045 3965 10022 3975 9921 4135 9880 4203 9855 4245 9848 4255 9845 4270 9844 4275 9839 4299 9820 4381 9819 4383 9819 4385 9818 4389 9799 4444 9780 4507 9782 4531 9806 4579 9857 4549 9870 4542 9912 4521 9923 4523 9929 4528 9930 4532 9981 4684 10069 4949 10091 5014 10128 5124 10199 5333 10200 5336 10230 5419
Orlando_West 17207 18692 2841 2432 2677 3079 4312 4496 3384 2596 2296 1931 1695 1203 962 625 449 396 344 181 35899 1918 2224 1350 10279 7776 1323 10032 6516 57 26 89 1344 1837 56 101 5 0 7799 6796 357 6753 3088 3071 
49
5346 1571 5358 1575 5454 1600 5458 1586 5484 1507 5497 1481 5513 1450 5525 1435 5559 1400 5577 1386 5633 1357 5697 1339 5708 1338 5714 1231 5716 1193 5721 1107 5726 1006 5728 972 5729 957 5736 811 5652 806 5627 809 5602 811 5558 824 5570 621 5572 583 5576 497 5483 368 5397 418 5384 426 5334 454 5153 558 4964 667 4914 693 4738 795 4539 911 4633 1005 4700 1072 4730 1101 4856 1225 4996 1366 5090 1461 5147 1513 5153 1516 5156 1518 5168 1524 5223 1539 5297 1558 5346 1571
Phiri 7763 8710 1412 1310 1424 1574 1894 1817 1517 1225 1054 746 660 533 417 291 229 169 147 53 16472 886 1505 747 4611 2712 291 3933 2986 23 6 14 381 461 37 21 0 3 2994 2586 87 2657 1051 910 
63
10843 2144 11045 2172 11116 2180 11158 2186 11161 2098 11164 1924 11163 1899 11160 1835 11159 1829 11159 1820 11154 1803 11150 1788 11141 1765 11127 1735 11112 1705 11098 1674 11080 1649 11073 1640 11058 1621 11026 1588 10989 1553 10973 1539 10924 1504 10918 1500 10902 1491 10887 1483 10838 1458 10824 1451 10818 1449 10806 1445 10792 1440 10758 1428 10710 1412 10710 1415 10702 1437 10674 1501 10673 1503 10643 1555 10638 1566 10636 1565 10590 1537 10589 1539 10531 1614 10499 1643 10448 1687 10407 1711 10327 1760 10318 1766 10239 1828 10186 1888 10162 1915 10144 1942 10119 1985 10104 2012 10102 2027 10104 2038 10105 2046 10102 2054 10366 2087 10478 2100 10737 2132 10791 2138 10843 2144
Pimville_Zone_1 3102 3334 495 556 561 569 740 764 642 492 392 326 223 168 171 133 87 63 39 16 6437 99 708 265 1806 1138 238 1694 948 5 3 14 367 285 7 65 0 0 1400 1216 47 1160 430 400 
74
9870 2029 10102 2054 10105 2046 10104 2038 10102 2027 10104 2012 10119 1985 10144 1942 10162 1915 10186 1888 10239 1828 10318 1766 10327 1760 10407 1711 10448 1687 10499 1643 10531 1614 10589 1539 10590 1537 10636 1565 10638 1566 10643 1555 10673 1503 10674 1501 10702 1437 10710 1415 10710 1412 10520 1347 10455 1326 10433 1320 10416 1319 10372 1319 10243 1318 10225 1318 10175 1318 9994 1318 9929 1318 9905 1318 9883 1318 9862 1317 9836 1314 9812 1308 9793 1304 9789 1308 9782 1316 9781 1318 9767 1345 9758 1363 9755 1383 9754 1410 9754 1413 9754 1455 9753 1460 9752 1465 9746 1475 9717 1499 9666 1538 9737 1613 9739 1616 9650 1684 9687 1724 9676 1732 9650 1759 9638 1773 9628 1795 9623 1817 9616 1856 9607 1916 9601 1958 9597 1990 9597 1999 9657 2005 9750 2016 9870 2029
Pimville_Zone_2 3429 3934 497 584 614 703 846 909 684 515 456 420 331 223 206 149 84 66 40 36 7363 248 435 282 2253 1382 366 2033 1164 0 3 17 440 393 9 4 3 0 1611 1418 89 1356 600 614 
72
9145 1414 9209 1484 9440 1738 9465 1765 9511 1815 9529 1826 9525 1831 9518 1837 9441 1884 9450 1920 9453 1932 9541 1949 9601 1958 9607 1916 9616 1856 9623 1817 9628 1795 9638 1773 9650 1759 9676 1732 9687 1724 9650 1684 9739 1616 9737 1613 9666 1538 9717 1499 9746 1475 9752 1465 9753 1460 9754 1455 9754 1413 9754 1410 9755 1383 9758 1363 9767 1345 9781 1318 9782 1316 9789 1308 9793 1304 9771 1293 9745 1276 9727 1259 9721 1251 9711 1233 9697 1206 9694 1197 9690 1181 9663 1045 9532 1066 9473 1077 9466 1078 9377 1094 9348 1100 9337 1102 9332 1104 9328 1105 9291 1121 9231 1148 9216 1156 9205 1161 9197 1165 9158 1196 9104 1242 9053 1284 9037 1298 9033 1301 9028 1304 9039 1315 9070 1343 9091 1362 9110 1379 9145 1414
Pimville_Zone_3 3043 3338 501 537 518 608 686 770 614 460 378 274 313 267 153 124 73 49 37 20 6382 212 386 259 1882 1124 354 1566 1059 7 3 5 278 199 14 3 0 0 1256 1129 58 1120 521 459 
75
8920 1192 8924 1198 8945 1229 8977 1259 9024 1300 9028 1304 9033 1301 9037 1298 9053 1284 9104 1242 9158 1196 9197 1165 9205 1161 9216 1156 9231 1148 9291 1121 9328 1105 9332 1104 9337 1102 9348 1100 9377 1094 9466 1078 9473 1077 9532 1066 9663 1045 9653 1002 9627 876 9623 859 9598 737 9578 650 9574 638 9566 625 9559 613 9550 598 9545 589 9533 576 9517 566 9494 553 9473 543 9456 541 9449 540 9434 538 9414 537 9391 538 9363 543 9330 548 9004 603 8980 607 8902 621 8857 629 8793 640 8774 643 8774 651 8764 664 8756 689 8756 718 8764 732 8775 761 8790 797 8808 850 8824 891 8831 905 8834 909 8845 938 8858 952 8869 977 8872 996 8867 1003 8858 1017 8865 1047 8893 1142 8899 1163 8907 1174 8913 1183 8920 1192
Pimville_Zone_4 3567 3449 651 490 574 650 857 947 680 505 468 327 278 218 167 97 55 26 16 9 7015 407 298 205 1537 1954 249 1765 1068 3 0 5 241 366 4 79 3 0 1421 1185 93 1119 591 712 
111
10033 833 10095 852 10097 852 10200 885 10213 887 10233 889 10348 889 10466 889 10584 890 10595 895 10605 898 10619 904 10628 911 10638 919 10653 923 10665 924 10701 923 10713 925 10731 928 10740 930 10750 931 10748 915 10748 892 10747 838 10747 738 10744 707 10741 687 10737 665 10729 625 10725 598 10721 581 10719 488 10716 407 10716 334 10710 314 10703 305 10696 309 10689 311 10679 312 10676 310 10674 309 10673 309 10664 310 10654 311 10647 311 10639 311 10631 311 10625 311 10618 312 10612 312 10605 312 10598 312 10588 313 10579 313 10574 314 10567 318 10561 319 10556 321 10551 323 10545 324 10540 326 10537 329 10535 331 10533 334 10532 337 10530 340 10528 341 10527 345 10521 346 10500 349 10296 384 10186 403 9908 450 9832 463 9547 512 9539 507 9532 502 9521 495 9509 494 9499 496 9488 499 9476 503 9472 509 9471 513 9473 517 9477 526 9481 528 9478 534 9471 540 9473 543 9494 553 9517 566 9533 576 9545 589 9550 598 9559 613 9566 625 9574 638 9578 650 9598 737 9623 859 9695 847 9795 831 9797 830 9839 823 9909 811 9928 808 9941 808 9956 809 9972 813 10033 833
Pimville_Zone_5 2505 2759 337 413 439 466 706 639 377 308 270 311 383 283 158 79 51 19 16 9 5264 87 168 82 1188 1488 597 1348 1101 17 0 16 170 31 3 11 0 0 1130 1133 168 1167 765 692 
324
11073 1640 11080 1649 11098 1674 11112 1705 11127 1735 11141 1765 11150 1788 11154 1803 11159 1820 11159 1829 11266 1828 11312 1830 11325 1828 11339 1822 11349 1806 11351 1786 11351 1781 11369 1782 11376 1780 11384 1779 11384 1752 11384 1721 11620 1716 11633 1719 11639 1721 11641 1717 11644 1712 11647 1707 11650 1702 11655 1696 11662 1686 11666 1679 11674 1665 11677 1656 11677 1646 11675 1638 11673 1628 11670 1624 11668 1620 11668 1607 11666 1600 11662 1592 11656 1581 11647 1570 11647 1562 11643 1552 11639 1544 11636 1538 11628 1525 11626 1519 11623 1509 11619 1503 11616 1500 11623 1498 11621 1475 11621 1431 11622 1296 11622 1246 11620 1237 11627 1225 11629 1215 11625 1209 11618 1208 11586 1209 11506 1214 11484 1216 11460 1218 11439 1219 11419 1215 11405 1212 11391 1210 11377 1208 11361 1207 11362 1203 11361 1197 11359 1191 11359 1187 11357 1173 11356 1167 11355 1160 11355 1154 11356 1151 11353 1144 11350 1139 11345 1135 11341 1133 11338 1132 11337 1127 11337 1118 11337 1110 11337 1096 11335 1091 11325 1090 11318 1088 11310 1087 11303 1082 11301 1075 11298 1066 11296 1063 11294 1060 11291 1054 11289 1047 11287 1041 11283 1033 11280 1028 11279 1025 11279 1021 11278 1017 11276 1014 11275 1009 11272 1006 11271 1001 11269 998 11268 995 11266 992 11264 989 11264 986 11263 982 11263 979 11264 975 11258 972 11258 969 11257 961 11257 957 11257 953 11257 949 11254 942 11249 939 11245 937 11240 933 11237 931 11241 927 11244 924 11251 920 11256 913 11260 908 11263 903 11266 898 11268 894 11269 889 11272 886 11274 883 11277 878 11280 872 11283 865 11286 862 11287 859 11290 857 11292 855 11292 850 11292 846 11298 840 11298 836 11298 830 11299 826 11298 825 11299 821 11299 817 11303 816 11308 814 11309 811 11308 808 11308 805 11309 802 11311 798 11307 795 11306 793 11306 790 11307 786 11308 779 11310 769 11310 764 11313 758 11314 753 11314 746 11314 743 11315 739 11316 736 11318 730 11319 724 11319 721 11320 719 11321 717 11325 713 11325 710 11324 708 11322 706 11320 706 11316 706 11312 703 11309 700 11298 694 11287 686 11270 673 11261 665 11246 618 11245 615 11248 611 11249 607 11246 603 11245 599 11244 594 11243 587 11244 581 11246 574 11247 569 11250 563 11252 557 11253 554 11256 545 11260 541 11267 534 11268 528 11266 521 11262 515 11257 513 11253 511 11249 510 11247 509 11240 508 11234 506 11229 504 11219 499 11212 498 11206 499 11199 500 11190 499 11179 498 11162 495 11122 488 11120 494 11096 491 11091 489 11082 486 11074 485 11066 483 11044 478 11033 474 11023 471 11015 469 11009 467 11002 466 10991 466 10983 464 10969 459 10959 454 10951 445 10943 438 10940 435 10923 424 10914 416 10900 405 10891 397 10889 389 10882 383 10877 378 10870 372 10863 367 10860 364 10858 360 10858 352 10856 351 10853 349 10846 347 10840 347 10834 345 10825 338 10818 333 10812 329 10805 323 10799 319 10794 316 10790 314 10780 308 10773 301 10769 298 10764 295 10759 294 10752 293 10745 293 10739 292 10732 291 10724 289 10717 292 10710 297 10703 305 10710 314 10716 334 10716 407 10719 488 10721 581 10725 598 10729 625 10737 665 10741 687 10744 707 10747 738 10747 838 10748 892 10748 915 10750 931 10750 1058 10751 1120 10750 1138 10743 1202 10733 1279 10732 1281 10718 1365 10710 1412 10758 1428 10792 1440 10806 1445 10818 1449 10824 1451 10838 1458 10887 1483 10902 1491 10918 1500 10924 1504 10973 1539 10989 1553 11026 1588 11058 1621 11073 1640
Pimville_Zone_6 3862 4400 631 677 734 833 971 933 698 542 602 519 385 250 189 131 79 47 22 20 8263 174 379 247 1961 1988 636 2208 1458 0 0 115 347 263 10 8 6 0 1888 1727 141 1671 984 866 
67
10225 1318 10243 1318 10372 1319 10416 1319 10433 1320 10455 1326 10520 1347 10710 1412 10718 1365 10732 1281 10733 1279 10743 1202 10750 1138 10751 1120 10750 1058 10750 931 10740 930 10731 928 10713 925 10701 923 10665 924 10653 923 10638 919 10628 911 10619 904 10605 898 10595 895 10584 890 10466 889 10348 889 10233 889 10213 887 10200 885 10097 852 10095 852 10033 833 9972 813 9956 809 9941 808 9928 808 9909 811 9839 823 9797 830 9795 831 9695 847 9623 859 9627 876 9653 1002 9663 1045 9690 1181 9694 1197 9697 1206 9711 1233 9721 1251 9727 1259 9745 1276 9771 1293 9793 1304 9812 1308 9836 1314 9862 1317 9883 1318 9905 1318 9929 1318 9994 1318 10175 1318 10225 1318
Pimville_Zone_7 1754 2028 266 305 327 420 460 359 251 269 301 286 197 122 102 60 28 13 10 7 3783 76 165 103 585 1084 452 926 777 4 0 6 73 59 3 4 0 0 840 820 118 815 561 371 
317
2322 1493 2314 1504 2258 1573 2547 1769 2588 1740 2632 1706 2641 1699 2643 1698 2686 1668 2732 1638 2770 1617 2799 1601 2801 1600 2815 1595 2890 1566 2920 1557 2974 1543 3008 1533 3011 1533 3045 1528 3055 1527 3105 1522 3135 1519 3174 1520 3217 1520 3225 1520 3235 1521 3279 1525 3290 1527 3295 1527 3314 1531 3362 1539 3416 1552 3427 1555 3493 1578 3537 1594 3620 1625 3622 1610 3618 1589 3615 1580 3612 1560 3612 1558 3612 1555 3611 1547 3611 1540 3609 1533 3606 1526 3606 1521 3607 1515 3608 1511 3609 1506 3604 1484 3601 1472 3599 1463 3593 1453 3590 1448 3583 1438 3584 1431 3592 1428 3595 1421 3592 1401 3595 1389 3599 1378 3599 1373 3602 1356 3603 1349 3607 1333 3607 1321 3604 1312 3603 1308 3601 1261 3601 1259 3598 1254 3594 1244 3583 1235 3577 1239 3575 1240 3568 1242 3569 1234 3569 1232 3571 1225 3572 1220 3573 1216 3577 1201 3580 1180 3573 1169 3572 1155 3569 1143 3566 1138 3563 1135 3560 1130 3560 1123 3559 1120 3562 1107 3565 1101 3568 1095 3562 1087 3556 1077 3556 1066 3554 1053 3548 1046 3539 1035 3538 1030 3546 1031 3550 1032 3557 1036 3560 1039 3566 1044 3575 1044 3586 1044 3593 1044 3602 1040 3612 1035 3621 1034 3636 1031 3646 1028 3658 1023 3679 1012 3690 1009 3706 1007 3713 1008 3724 1008 3736 1006 3747 1005 3759 1004 3774 1004 3786 1004 3795 1006 3803 1003 3809 999 3853 988 3842 956 3816 879 3822 877 3875 860 3861 818 3869 811 3887 796 3977 722 4018 685 4080 633 4065 619 4019 586 3997 570 3970 592 3967 589 3927 551 3929 548 3931 537 3937 518 3943 496 3948 478 3961 446 3968 429 3988 386 3972 372 3962 361 3956 357 3939 343 3911 322 3821 248 3789 221 3760 199 3748 190 3698 224 3691 228 3679 237 3658 222 3641 206 3618 188 3598 182 3578 164 3558 151 3535 143 3518 143 3495 132 3476 123 3467 113 3461 104 3443 97 3428 92 3416 84 3405 75 3386 65 3359 47 3332 29 3321 23 3314 23 3307 21 3299 16 3279 3 3269 0 3260 2 3256 8 3243 4 3237 2 3234 0 3228 5 3214 10 3194 18 3164 37 3150 38 3135 44 3116 53 3095 66 3071 86 3055 99 3036 113 3020 124 2998 134 2980 144 2969 157 2961 167 2950 175 2940 185 2922 198 2886 229 2857 259 2823 290 2802 308 2794 316 2787 323 2785 330 2782 337 2778 343 2772 352 2759 374 2749 390 2749 397 2750 406 2748 418 2744 428 2735 435 2715 449 2687 464 2678 469 2667 477 2656 484 2637 502 2626 515 2612 536 2590 564 2573 585 2543 631 2528 646 2515 667 2506 686 2499 697 2487 710 2476 723 2468 732 2464 735 2458 744 2451 755 2446 761 2442 766 2437 770 2429 774 2423 777 2418 781 2411 784 2406 787 2402 791 2399 795 2396 799 2390 802 2381 808 2375 813 2369 819 2350 841 2342 850 2335 856 2326 857 2320 859 2312 862 2299 866 2285 872 2267 888 2254 902 2243 913 2228 924 2212 935 2196 950 2182 965 2178 974 2177 986 2174 994 2171 1001 2166 1004 2163 1008 2163 1016 2161 1021 2157 1030 2150 1043 2147 1053 2147 1062 2150 1068 2150 1076 2149 1091 2147 1113 2145 1138 2137 1193 2130 1239 2129 1258 2128 1280 2126 1310 2128 1315 2128 1320 2128 1328 2130 1340 2130 1355 2133 1360 2133 1362 2133 1364 2143 1377 2315 1488 2322 1493
Protea_North 7161 7655 939 1179 1625 1756 1666 1210 991 1206 1381 1275 702 377 225 148 74 35 13 15 14817 515 234 144 2001 3793 2630 3844 3408 33 168 163 32 11 14 13 0 0 3570 3637 598 3739 2787 2633 
66
5736 811 5729 957 5728 972 5726 1006 5721 1107 5716 1193 5714 1231 5708 1338 5904 1321 6036 1311 6046 1311 6156 1302 6264 1294 6441 1281 6433 1269 6435 1228 6451 1212 6455 1167 6464 1149 6470 1133 6472 1130 6485 1139 6496 1115 6485 1112 6493 1102 6497 1089 6501 1080 6515 1053 6538 1002 6543 991 6547 982 6564 954 6576 925 6645 770 6647 769 6685 745 6694 740 6737 710 6769 665 6721 637 6688 617 6605 567 6547 532 6499 504 6358 421 6347 415 6274 372 6237 350 6166 308 6151 299 6126 285 5960 187 5922 164 5876 141 5873 142 5556 325 5530 340 5483 368 5576 497 5572 583 5570 621 5558 824 5602 811 5627 809 5652 806 5736 811
Senaone 7095 7596 1232 1217 1228 1369 1661 1686 1401 1204 945 633 472 353 341 366 302 144 92 45 14691 796 1285 666 4167 2368 364 3692 2222 19 8 24 1093 287 19 12 7 3 2841 2573 116 2544 816 809 
235
1562 6618 1662 6622 1671 6621 1670 6602 1692 6602 1957 6594 1963 6594 1964 6594 1966 6576 1980 6567 2015 6542 2020 6545 2067 6563 2139 6572 2257 6568 2283 6567 2618 6554 2630 6554 2927 6542 2944 6543 3089 6537 3367 6529 3385 6528 3701 6519 3705 6519 3706 6519 3889 6535 4108 6537 4140 6309 4144 6279 4078 6253 4050 6243 3905 6210 3922 6142 3943 6106 3962 6080 3864 5977 3814 5955 3810 5954 3802 5950 3783 5943 3765 5922 3686 5871 3600 5804 3386 5656 3411 5621 3434 5590 3451 5567 3453 5563 3568 5413 3362 5298 3176 5194 3115 5164 3069 5141 3017 5115 3002 5108 2966 5093 2921 5075 2903 5068 2874 5056 2865 5052 2851 5046 2842 5043 2835 5041 2829 5039 2819 5036 2805 5032 2798 5030 2791 5027 2788 5027 2772 5022 2758 5017 2745 5013 2734 5010 2720 5006 2712 5003 2704 5001 2700 5000 2686 4997 2674 4994 2671 4993 2651 4989 2639 4986 2627 4983 2615 4980 2601 4977 2577 4971 2565 4969 2553 4966 2540 4964 2528 4962 2516 4960 2503 4958 2491 4956 2479 4954 2466 4952 2452 4950 2439 4948 2426 4945 2423 4945 2419 4944 2403 4943 2387 4941 2373 4940 2360 4938 2270 4916 2245 4911 2196 4922 2194 4923 2167 4926 2141 4927 2132 4928 2113 4929 1940 4937 1879 4940 1870 4940 1869 4939 1674 4965 1496 4987 1164 5030 1072 5033 1082 5038 942 5064 919 5069 792 5086 717 5095 633 5108 520 5120 506 5121 400 5128 385 5129 380 5141 363 5152 341 5156 330 5163 323 5167 318 5182 320 5209 319 5236 323 5252 328 5267 341 5279 316 5325 300 5329 282 5355 310 5379 269 5522 264 5538 259 5570 268 5622 276 5672 275 5716 275 5719 257 5785 235 5822 219 5853 240 5932 247 5957 252 5976 271 5973 290 5971 300 6017 295 6023 276 6040 272 6035 261 6018 199 6067 189 6083 217 6110 249 6141 274 6165 340 6226 553 6232 552 6211 703 6212 745 6208 843 6173 848 6189 850 6198 852 6210 854 6219 857 6236 862 6250 875 6261 896 6270 918 6277 942 6284 966 6289 989 6290 1002 6288 1004 6288 1007 6287 1009 6287 1012 6286 1026 6283 1043 6285 1058 6293 1065 6294 1072 6295 1109 6299 1170 6310 1224 6306 1253 6316 1261 6322 1269 6322 1283 6330 1296 6334 1305 6342 1320 6359 1342 6398 1346 6409 1350 6420 1356 6434 1368 6449 1375 6459 1379 6476 1379 6488 1386 6503 1400 6517 1411 6532 1424 6539 1431 6547 1432 6549 1443 6555 1467 6572 1450 6585 1443 6591 1443 6591 1436 6596 1426 6605 1422 6611 1420 6616 1479 6615 1497 6613 1562 6618
Thulani 22214 22703 4379 4213 4207 4624 4939 4493 3518 3682 3593 2897 1900 1016 660 357 217 117 72 33 44917 2519 3775 2302 12635 5527 736 13118 5542 199 71 60 113 2382 4626 83 38 3 9248 7936 124 7987 64 3993 
270
3793 3238 4186 3240 4240 3241 4242 3187 4244 3140 4246 3093 4253 2906 4263 2679 4263 2660 4266 2582 4269 2488 4270 2444 4271 2425 4276 2303 4279 2253 4282 2113 4290 2002 4292 1973 4295 1929 4295 1927 4268 1918 4255 1912 4232 1904 4233 1897 4225 1890 4216 1881 4194 1873 4177 1866 4155 1860 4126 1852 4088 1837 4086 1836 4088 1833 4092 1830 4093 1828 4095 1824 4101 1822 4106 1811 4111 1806 4113 1801 4114 1794 4117 1788 4125 1783 4130 1781 4129 1778 4129 1771 4134 1764 4126 1761 4120 1758 4117 1757 4113 1756 4110 1755 4104 1753 4099 1751 4095 1750 4091 1750 4087 1749 4080 1748 4076 1748 4074 1749 4070 1748 4065 1748 4061 1745 4056 1743 4054 1741 4050 1736 4046 1737 4043 1738 4040 1743 4037 1748 4036 1751 4034 1755 4032 1761 4030 1764 4027 1769 4023 1775 3926 1738 3838 1707 3728 1665 3620 1625 3606 1636 3606 1645 3612 1653 3617 1663 3618 1669 3618 1672 3617 1680 3617 1686 3621 1700 3623 1707 3625 1716 3625 1723 3625 1728 3626 1734 3629 1738 3629 1744 3630 1753 3628 1757 3626 1765 3628 1772 3634 1778 3640 1780 3645 1784 3649 1793 3648 1801 3644 1808 3639 1812 3631 1830 3628 1843 3606 1860 3603 1864 3600 1867 3600 1874 3602 1894 3592 1913 3572 1948 3567 1959 3562 1967 3557 1973 3555 1982 3556 1988 3552 1990 3548 1992 3542 1997 3538 2005 3534 2013 3524 2021 3519 2028 3515 2036 3509 2047 3505 2058 3502 2066 3497 2069 3491 2077 3489 2085 3493 2089 3493 2105 3491 2111 3489 2113 3490 2118 3490 2123 3493 2136 3492 2173 3494 2179 3494 2186 3494 2220 3488 2237 3486 2239 3482 2247 3476 2256 3478 2260 3472 2271 3469 2273 3463 2272 3458 2276 3455 2283 3452 2295 3441 2316 3425 2350 3424 2359 3421 2361 3419 2359 3413 2364 3409 2372 3406 2378 3407 2384 3404 2390 3400 2394 3397 2399 3391 2411 3375 2431 3362 2453 3358 2462 3360 2463 3363 2477 3363 2495 3366 2507 3365 2513 3363 2520 3362 2530 3360 2537 3364 2545 3359 2559 3357 2564 3365 2570 3364 2582 3363 2595 3365 2602 3363 2608 3360 2613 3361 2619 3363 2622 3366 2627 3366 2632 3367 2635 3367 2640 3366 2642 3363 2642 3360 2642 3356 2643 3354 2645 3353 2647 3352 2650 3355 2654 3355 2655 3358 2658 3360 2660 3362 2664 3364 2667 3367 2668 3371 2673 3370 2677 3370 2679 3371 2683 3372 2685 3371 2687 3366 2690 3359 2691 3358 2691 3356 2693 3355 2694 3356 2695 3357 2696 3358 2698 3378 2714 3384 2718 3388 2730 3385 2754 3385 2759 3391 2779 3394 2787 3393 2794 3397 2796 3400 2811 3402 2838 3409 2851 3417 2880 3420 2898 3421 2910 3432 2917 3431 2931 3418 2947 3416 2966 3423 2976 3430 2985 3425 2996 3427 3016 3424 3029 3424 3043 3429 3057 3430 3066 3425 3078 3422 3093 3415 3102 3419 3106 3423 3120 3428 3131 3428 3140 3438 3151 3441 3164 3450 3172 3461 3182 3468 3199 3475 3211 3482 3213 3490 3225 3494 3238 3555 3237 3582 3237 3793 3238
Tladi 6910 7352 1119 1070 1107 1316 1502 1632 1350 1203 996 734 542 373 339 413 285 137 107 38 14263 615 1031 618 4036 2837 513 3722 2473 29 6 43 602 214 332 20 3 0 2907 2601 109 2624 1164 1057 
126
3866 4719 3888 4780 3916 4791 3949 4806 3981 4816 4000 4823 4034 4828 4054 4830 4056 4831 4081 4837 4088 4794 4093 4761 4094 4753 4099 4714 4090 4703 4111 4687 4124 4674 4134 4666 4151 4650 4159 4643 4166 4637 4184 4622 4192 4613 4203 4602 4217 4589 4220 4586 4244 4563 4287 4523 4285 4506 4286 4504 4373 4421 4393 4402 4419 4376 4409 4330 4397 4275 4564 4248 4540 4206 4534 4194 4527 4181 4525 4177 4522 4172 4517 4157 4519 4154 4523 4148 4529 4098 4535 4060 4547 4053 4606 3903 4627 3865 4630 3859 4638 3846 4657 3811 4698 3730 4717 3686 4730 3634 4733 3607 4737 3572 4735 3545 4729 3488 4726 3462 4705 3277 4700 3243 4465 3243 4458 3242 4240 3241 4186 3240 3793 3238 3582 3237 3555 3237 3494 3238 3371 3236 3354 3236 3114 3235 2820 3233 2820 3265 2820 3346 2820 3428 2821 3473 2821 3525 2757 3604 2726 3642 2710 3662 2604 3659 2601 3772 2598 3910 2596 3980 2573 4021 2547 4066 2428 4271 2426 4274 2337 4427 2288 4505 2286 4508 2393 4525 2463 4536 2469 4537 2498 4542 2503 4542 2510 4544 2523 4546 2536 4548 2551 4550 2563 4552 2576 4554 2589 4556 2602 4558 2617 4561 2628 4563 2652 4566 2656 4567 2664 4568 2837 4596 2878 4602 2903 4607 2935 4612 2945 4613 2983 4620 3172 4650 3196 4654 3340 4677 3362 4680 3364 4668 3368 4646 3628 4688 3841 4723 3866 4719
Zola 21480 23229 3759 3759 4180 4511 4869 4830 3888 3617 3005 2163 1600 1067 1038 873 648 445 347 111 44710 1865 4323 2236 12472 6652 953 10240 6908 55 22 79 1878 1017 88 180 13 0 7922 7231 245 7314 3105 2672 
48
6890 5253 6912 5259 6916 5260 6941 5264 6944 5247 6983 5150 7055 5012 7103 4937 7176 4850 7179 4846 7208 4811 7158 4739 7133 4702 7112 4675 7061 4606 6999 4522 6982 4500 6900 4381 6888 4363 6860 4323 6787 4222 6682 4242 6385 4210 6299 4201 6231 4188 6159 4244 6120 4289 6031 4230 5860 4430 5847 4446 5839 4455 5835 4460 5834 4462 5732 4581 5646 4681 5644 4724 5641 4790 5635 4902 5656 4974 5704 5028 5791 5071 5840 5078 5861 5081 5867 5082 5905 5093 6346 5165 6654 5216 6890 5253
Zondi 6659 7236 1260 1068 1147 1280 1639 1711 1281 1135 890 683 466 298 309 259 197 143 87 41 13894 1381 1181 536 3383 2280 378 3611 2122 45 9 37 989 352 19 39 0 0 2623 2473 83 2322 955 984 
10
1500
